0.0 0.0 0.0 0.0 0.0 0.0 0.0 0.0 0.0 0.0 0.0 0.0 0.0 0.0 0.0 0.0 0.0 0.0 0.0 0.0 0.0 0.0 0.0 0.11514938515794726 0.0 0.0 0.0 0.0 0.0 0.853460638652068 0.0 0.0 0.0 0.0 0.0 0.22695145352966506
0.0 0.0 0.0 0.0 0.0 0.0 0.0 0.0 0.0 0.0 0.0 0.0 0.0 0.0 0.0 0.0 0.0 0.0 0.0 0.0 0.0 0.0 0.0 0.14679372659731316 0.0 0.0 0.0 0.0 0.6365682398947838 0.20053434685354365 0.0 0.0 0.0 0.0 0.06161410692290081 0.34732807345085703
0.0 0.0 0.0 0.0 0.0 0.0 0.0 0.0 0.0 0.0 0.0 0.0 0.0 0.0 0.0 0.0 0.0 0.0 0.0 0.0 0.0 0.0 0.0 0.17016126282815502 0.0 0.0 0.0 0.0 0.7073136073395028 0.11550899628599165 0.0 0.0 0.0 0.0 0.28662721621772835 0.2856702591141467
0.0 0.0 0.0 0.0 0.0 0.0 0.0 0.0 0.0 0.0 0.0 0.0 0.0 0.0 0.0 0.0 0.0 0.0 0.0 0.0 0.0 0.0 0.0 0.18819881542298078 0.0 0.0 0.0 0.40154736701109917 0.3464959830157124 0.06268715428228622 0.0 0.0 0.0 0.12024651745417314 0.3464959830157124 0.250885969705267
0.0 0.0 0.0 0.0 0.0 0.0 0.0 0.0 0.0 0.0 0.0 0.0 0.0 0.0 0.0 0.0 0.0 0.0 0.0 0.0 0.0 0.0 0.0 0.20263830416875095 0.0 0.0 0.0 0.5058944925403466 0.26949457552408007 0.02553632264402239 0.0 0.0 0.0 0.3466160820873192 0.2694945755240803 0.1848147330970491
0.0 0.0 0.0 0.0 0.0 0.0 0.0 0.0 0.0 0.0 0.0 0.0 0.0 0.0 0.0 0.0 0.0 0.0 0.0 0.0 0.0 0.0 0.0021849043415100855 0.21241010873794886 0.0 0.0 0.24959176028622165 0.31275334674546507 0.23114694058418572 0.0 0.0 0.0 0.1925984085792627 0.3127533467454646 0.2333318449256958 0.054808447365448654
0.0 0.0 0.0 0.0 0.0 0.0 0.0 0.0 0.0 0.0 0.0 0.0 0.0 0.0 0.0 0.0 0.0 0.0 0.0 0.0 0.0 0.0 0.023602573900060264 0.20122755853724628 0.0 0.0 0.35912676740900396 0.24093838576282223 0.1884324023486259 0.0 0.0 0.0 0.38257551525934774 0.240938385762822 0.16498365449828212 0.0
0.0 0.0 0.0 0.0 0.0 0.0 0.0 0.0 0.0 0.0 0.0 0.0 0.0 0.0 0.0 0.0 0.0 0.0 0.0 0.0 0.0 0.0 0.04051804961187799 0.19336361803571944 0.0 0.1595625683747386 0.2576856770506257 0.21064624975595048 0.15809391298879194 0.0 0.0 0.23993604396079116 0.2576856770506257 0.2106462497559507 0.0777204374027387 0.0
0.0 0.0 0.0 0.0 0.0 0.0 0.0 0.0 0.0 0.0 0.0 0.0 0.0 0.0 0.0 0.0 0.0 0.0 0.0 0.0 0.0 0.0 0.054052494510883564 0.1880833750878126 0.0 0.24736911268030815 0.20774662391959797 0.19471241560534436 0.13616025596485626 0.0 0.0 0.3600454215570874 0.20774662391959842 0.19471241560534436 0.023483947088076107 0.0
0.0 0.0 0.0 0.0 0.0 0.0 0.0 0.0 0.0 0.0 0.0 0.0 0.0 0.0 0.0 0.0 0.0 0.0 0.0 0.0 0.0 0.0 0.06492912374732707 0.18493985261414414 0.09016201799598766 0.20202076315628803 0.18925994867121898 0.18652158533524266 0.12053324036171476 0.0 0.21007646205845454 0.20202076315628803 0.18925994867121876 0.18652158533524288 0.0006187962992476592 0.0
0.0 0.0 0.0 0.0 0.0 0.0 0.0 0.0 0.0 0.0 0.0 0.0 0.0 0.0 0.0 0.0 0.0 0.0 0.0 0.0 0.0 0.0 0.07361259708849888 0.18366040278353446 0.13240939530745743 0.18369795285716517 0.18367112847784584 0.18366442467790112 0.11004914629550289 0.0 0.23474514973532346 0.18369795285716473 0.1836711284778465 0.18366442467790067 0.007713391867636421 0.0
0.0 0.0 0.0 0.0 0.0 0.0 0.0 0.0 0.0 0.0 0.0 0.0 0.0 0.0 0.0 0.0 0.0 0.0 0.0 0.0 0.0 0.0 0.08038272846216299 0.18408967317670677 0.12743177979130582 0.19670215100258748 0.18738157334528682 0.18530172130456113 0.10410816526470756 0.0 0.18827243272709415 0.19670215100258792 0.18738157334528616 0.1853017213045618 0.04326751232891901 0.0
0.0 0.0 0.0 0.0 0.0 0.0 0.0 0.0 0.0 0.0 0.0 0.0 0.0 0.0 0.0 0.0 0.0 0.0 0.0 0.0 0.0 0.0 0.08537374215349991 0.18616149092083867 0.0 0.31494212269823674 0.2017403072079913 0.19152563037486492 0.10252244402800481 0.0 0.0 0.3118275692968182 0.20174030720799152 0.19152563037486514 0.10563699742942267 0.0
0.0 0.0 0.0 0.0 0.0 0.0 0.0 0.0 0.0 0.0 0.0 0.0 0.0 0.0 0.0 0.0 0.0 0.0 0.0 0.0 0.0 0.0 0.08859248561664157 0.18988813950472427 0.0 0.27802091382224514 0.2359172474398823 0.20340592804835333 0.10547851431501365 0.0 0.0 0.19036663882983973 0.23591724743988296 0.20340592804835333 0.19313278930741795 0.0
0.0 0.0 0.0 0.0 0.0 0.0 0.0 0.0 0.0 0.0 0.0 0.0 0.0 0.0 0.0 0.0 0.0 0.0 0.0 0.0 0.0 0.0 0.08992066836786017 0.19536289329294787 0.0 0.0 0.4997145751288077 0.22379355451397487 0.11359445710554494 0.0 0.0 0.0 0.3090773976072465 0.22379355451397442 0.20351512547340533 0.10071650915370078
0.0 0.0 0.0 0.0 0.0 0.0 0.0 0.0 0.0 0.0 0.0 0.0 0.0 0.0 0.0 0.0 0.0 0.0 0.0 0.0 0.0 0.0 0.08910091071897908 0.20277637040313734 0.0 0.0 0.4646804268096294 0.26066645421341317 0.12811375762902544 0.0 0.0 0.0 0.1548754902706313 0.2606664542134136 0.21721466834800474 0.20277637040313712
0.0 0.0 0.0 0.0 0.0 0.0 0.0 0.0 0.0 0.0 0.0 0.0 0.0 0.0 0.0 0.0 0.0 0.0 0.0 0.0 0.0 0.0 0.0 0.24172736102163217 0.0 0.0 0.0 0.0 0.0 0.9309191090936693 0.0 0.0 0.0 0.0 0.0 0.0
0.0 0.0 0.0 0.0 0.0 0.0 0.0 0.0 0.0 0.0 0.0 0.0 0.0 0.0 0.0 0.0 0.0 0.0 0.0 0.0 0.0 0.0 0.0 0.27008622839610275 0.0 0.0 0.0 0.0 0.6842669968793191 0.2623696668116924 0.0 0.0 0.0 0.0 0.0 0.1483551818278217
0.0 0.0 0.0 0.0 0.0 0.0 0.0 0.0 0.0 0.0 0.0 0.0 0.0 0.0 0.0 0.0 0.0 0.0 0.0 0.0 0.0 0.0 0.010850468669189262 0.27977517607180924 0.0 0.0 0.0 0.0 0.9298186853573716 0.0 0.0 0.0 0.0 0.0 0.032760736008188296 0.27977517607180946
0.0 0.0 0.0 0.0 0.0 0.0 0.0 0.0 0.0 0.0 0.0 0.0 0.0 0.0 0.0 0.0 0.0 0.0 0.0 0.0 0.0 0.0 0.06072145411477825 0.2455514141399897 0.0 0.0 0.0 0.5106990493353074 0.4048686979137752 0.0 0.0 0.0 0.0 0.0 0.21266681645227603 0.24555141413998927
0.0 0.0 0.0 0.0 0.0 0.0 0.0 0.0 0.0 0.0 0.0 0.0 0.0 0.0 0.0 0.0 0.0 0.0 0.0 0.0 0.0 0.0 0.09555421226195926 0.22320213152191348 0.0 0.0 0.0 0.7359378566454964 0.16806740303676992 0.0 0.0 0.0 0.0 0.09799438227080204 0.26362161529872896 0.22320213152191393
0.0 0.0 0.0 0.0 0.0 0.0 0.0 0.0 0.0 0.0 0.0 0.0 0.0 0.0 0.0 0.0 0.0 0.0 0.0 0.0 0.0 0.0 0.12150110302573114 0.20769303930573368 0.0 0.0 0.4323702891000001 0.35621605256587907 0.10664905577494554 0.0 0.0 0.0 0.0 0.2553997836535058 0.22815015880067646 0.20769303930573413
0.0 0.0 0.0 0.0 0.0 0.0 0.0 0.0 0.0 0.0 0.0 0.0 0.0 0.0 0.0 0.0 0.0 0.0 0.0 0.0 0.0 0.0 0.14165045562913114 0.19670137990985537 0.0 0.0 0.5882065287928897 0.23551899798072662 0.0656152525096978 0.0 0.0 0.0 0.13681276550098875 0.23551899798072684 0.20726570813882894 0.19670137990985515
0.0 0.0 0.0 0.0 0.0 0.0 0.0 0.0 0.0 0.0 0.0 0.0 0.0 0.0 0.0 0.0 0.0 0.0 0.0 0.0 0.0 0.0 0.15778462418134653 0.1889861864016238 0.0 0.3904546262890376 0.25371548286645207 0.2058775680015832 0.036331092968239886 0.0 0.0 0.0 0.2499887184804801 0.2058775680015832 0.19411571714958642 0.18898618640162423
0.0 0.0 0.0 0.0 0.0 0.0 0.0 0.0 0.0 0.0 0.0 0.0 0.0 0.0 0.0 0.0 0.0 0.0 0.0 0.0 0.0 0.0 0.17101267169364265 0.18382547939719251 0.0 0.4781367582447067 0.20304358488536578 0.1903044494311461 0.014893977564094385 0.0 0.0 0.11552691828641004 0.20304358488536556 0.19030444943114633 0.18590664925773703 0.1838254793971923
0.0 0.0 0.0 0.0 0.0 0.0 0.0 0.0 0.0 0.0 0.0 0.0 0.0 0.0 0.0 0.0 0.0 0.0 0.0 0.0 0.0 0.0007566647099608304 0.1812907894265401 0.18078003069740567 0.2934852649311157 0.22928303776051306 0.18500295553904778 0.18156952105263757 0.0 0.0 0.0 0.16567044845324563 0.18500295553904733 0.1823261857625984 0.18129078942653987 0.17505040010188244
0.0 0.0 0.0 0.0 0.0 0.0 0.0 0.0 0.0 0.0 0.0 0.0 0.0 0.0 0.0 0.0 0.0 0.0 0.0 0.0 0.0 0.011759475243067197 0.17958309947796836 0.17958178864870944 0.359001008981759 0.18881586632116387 0.17959227615358064 0.16782624598432117 0.0 0.0 0.0 0.17042114334691627 0.17959227615358042 0.17958572122738925 0.1795830994779677 0.17958178864870966
0.0 0.0 0.0 0.0 0.0 0.0 0.0 0.0 0.0 0.0 0.0 0.0 0.0 0.0 0.0 0.0 0.0 0.0 0.0 0.0 0.0 0.01869464643069141 0.18047037613875094 0.18007789918696293 0.30882422883230776 0.24931408289833046 0.18329806062492637 0.16256888732670172 0.0 0.0 0.0 0.1355169563104961 0.1832980606249257 0.1812635337573938 0.18047037613875094 0.18007789918696293
0.0 0.0 0.0 0.0 0.0 0.0 0.0 0.0 0.0 0.0 0.0 0.0 0.0 0.0 0.0 0.0 0.0 0.0 0.0 0.0 0.0 0.021733176925628372 0.18390097414606688 0.18220316348388166 0.0 0.5523969487949658 0.19745072943757602 0.16572006901654102 0.0 0.0 0.0 0.061045821202384776 0.19745072943757602 0.1874532459421694 0.18390097414606688 0.18220316348388144
0.0 0.0 0.0 0.0 0.0 0.0 0.0 0.0 0.0 0.0 0.0 0.0 0.0 0.0 0.0 0.0 0.0 0.0 0.0 0.0 0.0 0.02067396191002513 0.19006615650044068 0.18596961345792273 0.0 0.45872192092883335 0.2925622770227423 0.17853448740579592 0.0 0.0 0.0 0.0 0.16953545513562407 0.19920844931582105 0.1900661565004409 0.1859696134579223
0.0 0.0 0.0 0.0 0.0 0.0 0.0 0.0 0.0 0.0 0.0 0.0 0.0 0.0 0.0 0.0 0.0 0.0 0.0 0.0 0.0 0.014887795927366554 0.19945890119099619 0.19146914972075235 0.0 0.0 0.7421912952004939 0.20444536849051764 0.0 0.0 0.0 0.0 0.050480786536801325 0.21933316441788442 0.19945890119099552 0.1914691497207528
0.0 0.0 0.0 0.0 0.0 0.0 0.0 0.0 0.0 0.0 0.0 0.0 0.0 0.0 0.0 0.0 0.0 0.0 0.0 0.0 0.0 0.003126777860444907 0.2130513728682013 0.19888980992022431 0.0 0.0 0.6076810544446816 0.3582065456495418 0.0 0.0 0.0 0.0 0.0 0.15000733642996877 0.2130513728682013 0.1988898099202241
0.0 0.0 0.0 0.0 0.0 0.0 0.0 0.0 0.0 0.0 0.0 0.0 0.0 0.0 0.0 0.0 0.0 0.0 0.0 0.0 0.0 0.0 0.0 0.41022390389211494 0.0 0.0 0.0 0.0 0.0 0.7424186000816637 0.0 0.0 0.0 0.0 0.0 0.0
0.0 0.0 0.0 0.0 0.0 0.0 0.0 0.0 0.0 0.0 0.0 0.0 0.0 0.0 0.0 0.0 0.0 0.0 0.0 0.0 0.0 0.0 0.09998792786417399 0.33435788244127074 0.0 0.0 0.0 0.0 0.5721223588756168 0.33435788244127096 0.0 0.0 0.0 0.0 0.0 0.0
0.0 0.0 0.0 0.0 0.0 0.0 0.0 0.0 0.0 0.0 0.0 0.0 0.0 0.0 0.0 0.0 0.0 0.0 0.0 0.0 0.0 0.0 0.17659438877695588 0.2746215466637907 0.0 0.0 0.0 0.0 0.7789043288844508 0.2746215466637909 0.0 0.0 0.0 0.0 0.0 0.0
0.0 0.0 0.0 0.0 0.0 0.0 0.0 0.0 0.0 0.0 0.0 0.0 0.0 0.0 0.0 0.0 0.0 0.0 0.0 0.0 0.0 0.0 0.22287080605583132 0.24088492867823286 0.0 0.0 0.0 0.5009936697210093 0.4424964941091529 0.11798134454177678 0.0 0.0 0.0 0.0 0.0 0.12290358413645563
0.0 0.0 0.0 0.0 0.0 0.0 0.0 0.0 0.0 0.0 0.0 0.0 0.0 0.0 0.0 0.0 0.0 0.0 0.0 0.0 0.0 0.0 0.25485085200562385 0.21885008821439622 0.0 0.0 0.0 0.8176720482337476 0.22986649827798566 0.0 0.0 0.0 0.0 0.0 0.03224557807161599 0.218850088214396
0.0 0.0 0.0 0.0 0.0 0.0 0.0 0.0 0.0 0.0 0.0 0.0 0.0 0.0 0.0 0.0 0.0 0.0 0.0 0.0 0.0 0.055004994206764524 0.22361316577374302 0.2035628564646339 0.0 0.0 0.4237721754847805 0.5444482522573579 0.06874554997111426 0.0 0.0 0.0 0.0 0.0 0.15486761580262876 0.20356285646463412
0.0 0.0 0.0 0.0 0.0 0.0 0.0 0.0 0.0 0.0 0.0 0.0 0.0 0.0 0.0 0.0 0.0 0.0 0.0 0.0 0.0 0.09414668960843797 0.20308864078000433 0.19273721757525974 0.0 0.0 0.7104078351388303 0.319449465950044 0.0 0.0 0.0 0.0 0.0 0.0479489172592209 0.20308864078000477 0.19273721757525974
0.0 0.0 0.0 0.0 0.0 0.0 0.0 0.0 0.0 0.0 0.0 0.0 0.0 0.0 0.0 0.0 0.0 0.0 0.0 0.0 0.0 0.12229597007319626 0.19017720354971912 0.18515174848871419 0.0 0.3825324916038535 0.4934842878002783 0.150267718891389 0.0 0.0 0.0 0.0 0.0 0.13083713535904762 0.19017720354971912 0.18515174848871396
0.0 0.0 0.0 0.0 0.0 0.0 0.0 0.0 0.0 0.0 0.0 0.0 0.0 0.0 0.0 0.0 0.0 0.0 0.0 0.0 0.0 0.14329813681990689 0.18213469365744328 0.18009574972234033 0.0 0.5816185289351392 0.39784785837256753 0.0468181109878143 0.0 0.0 0.0 0.0 0.0 0.18277028139583562 0.1821346936574435 0.18009574972234033
0.0 0.0 0.0 0.0 0.0 0.0 0.0 0.0 0.0 0.0 0.0 0.0 0.0 0.0 0.0 0.0 0.0 0.0 0.0 0.0 0.0 0.15918100027730575 0.17763719981073178 0.17713673450463818 0.2875705975631009 0.38699390944472634 0.33582206476145005 0.019470729319597035 0.0 0.0 0.0 0.0 0.026727043029621367 0.1786517295969028 0.17763719981073178 0.1771367345046384
0.0 0.0 0.0 0.0 0.0 0.0 0.0 0.0 0.0 0.0 0.0 0.0 0.0 0.0 0.0 0.0 0.0 0.0 0.0 0.0 0.0 0.17105885371202367 0.1760119107732585 0.1760106260111447 0.3518619165394212 0.35209322411715926 0.3280552103821146 0.004955626674557845 0.0 0.0 0.0 0.0 0.023986599540968268 0.17601448038658107 0.1760119107732585 0.17601062601114492
0.0 0.0 0.0 0.0 0.0 0.0 0.0 0.0 0.0 0.0 0.0 0.0 0.0 0.0 0.0 0.0 0.0 0.0 0.0 0.0 0.0017606922926733937 0.17772921827569577 0.1769515258153942 0.17656670146387388 0.3028027074018156 0.3773275205941389 0.3576874587063208 0.00972085980945847 0.0 0.0 0.0 0.0 0.0 0.16800835846623752 0.1769515258153942 0.17656670146387388
0.0 0.0 0.0 0.0 0.0 0.0 0.0 0.0 0.0 0.0 0.0 0.0 0.0 0.0 0.0 0.0 0.0 0.0 0.0 0.0 0.0007326019639530834 0.18389086431218837 0.18040610027103265 0.17874055498512176 0.0 0.6017848376745463 0.38666410714984334 0.07302256354754899 0.0 0.0 0.0 0.0 0.0 0.11086830076463894 0.18040610027103288 0.1787405549851213
0.0 0.0 0.0 0.0 0.0 0.0 0.0 0.0 0.0 0.0 0.0 0.0 0.0 0.0 0.0 0.0 0.0 0.0 0.0 0.0 0.0 0.18623692727989694 0.18656502195604463 0.18254393973528815 0.0 0.4502719833218163 0.4535856100492217 0.17477705696579116 0.0 0.0 0.0 0.0 0.0 0.03006383207611707 0.18656502195604485 0.18254393973528815
0.0 0.0 0.0 0.0 0.0 0.0 0.0 0.0 0.0 0.0 0.0 0.0 0.0 0.0 0.0 0.0 0.0 0.0 0.0 0.0 0.0 0.183681241643868 0.19591530774342925 0.18806750246254422 0.0 0.0 0.7785894432682123 0.24719172665873468 0.07309545822267394 0.0 0.0 0.0 0.0 0.0 0.12281984952075575 0.18806750246254378
0.0 0.0 0.0 0.0 0.0 0.0 0.0 0.0 0.0 0.0 0.0 0.0 0.0 0.0 0.0 0.0 0.0 0.0 0.0 0.0 0.0 0.1756935653515721 0.20941696765070872 0.19549698426907436 0.0 0.0 0.5973147321576564 0.3269242258390186 0.19779186512899916 0.0 0.0 0.0 0.0 0.0 0.01162510252170934 0.1954969842690737
0.0 0.0 0.0 0.0 0.0 0.0 0.0 0.0 0.0 0.0 0.0 0.0 0.0 0.0 0.0 0.0 0.0 0.0 0.0 0.0 0.0 0.0 0.0 0.6498712144837417 0.0 0.0 0.0 0.0 0.0 0.485832197670077 0.0 0.0 0.0 0.0 0.0 0.0
0.0 0.0 0.0 0.0 0.0 0.0 0.0 0.0 0.0 0.0 0.0 0.0 0.0 0.0 0.0 0.0 0.0 0.0 0.0 0.0 0.0 0.0 0.33890759078350685 0.3292333204554494 0.0 0.0 0.0 0.0 0.32290154558244666 0.3292333204554492 0.0 0.0 0.0 0.0 0.0 0.0
0.0 0.0 0.0 0.0 0.0 0.0 0.0 0.0 0.0 0.0 0.0 0.0 0.0 0.0 0.0 0.0 0.0 0.0 0.0 0.0 0.0 0.0 0.4096669914377926 0.2702517921871139 0.0 0.0 0.0 0.0 0.5306279126493194 0.2702517921871137 0.0 0.0 0.0 0.0 0.0 0.0
0.0 0.0 0.0 0.0 0.0 0.0 0.0 0.0 0.0 0.0 0.0 0.0 0.0 0.0 0.0 0.0 0.0 0.0 0.0 0.0 0.0 0.1239977610960612 0.3272160033877476 0.2369259914603239 0.0 0.0 0.0 0.36876209135843285 0.3272160033877478 0.2369259914603239 0.0 0.0 0.0 0.0 0.0 0.0
0.0 0.0 0.0 0.0 0.0 0.0 0.0 0.0 0.0 0.0 0.0 0.0 0.0 0.0 0.0 0.0 0.0 0.0 0.0 0.0 0.0 0.22528784640403465 0.25411859445734986 0.21515615052263382 0.0 0.0 0.0 0.5785828384255938 0.25411859445734963 0.21515615052263382 0.0 0.0 0.0 0.0 0.0 0.0
0.0 0.0 0.0 0.0 0.0 0.0 0.0 0.0 0.0 0.0 0.0 0.0 0.0 0.0 0.0 0.0 0.0 0.0 0.0 0.0 0.0 0.2805243373714297 0.21976079881583388 0.20005591258953404 0.0 0.0 0.4164715055046808 0.30860163756778647 0.21976079881583388 0.20005591258953404 0.0 0.0 0.0 0.0 0.0 0.0
0.0 0.0 0.0 0.0 0.0 0.0 0.0 0.0 0.0 0.0 0.0 0.0 0.0 0.0 0.0 0.0 0.0 0.0 0.0 0.0 0.09062017961488844 0.22674126485089263 0.1995409679327016 0.18937036952885777 0.0 0.0 0.607377830052884 0.22674126485089285 0.19954096793270137 0.189370369528858 0.0 0.0 0.0 0.0 0.0 0.0
0.0 0.0 0.0 0.0 0.0 0.0 0.0 0.0 0.0 0.0 0.0 0.0 0.0 0.0 0.0 0.0 0.0 0.0 0.0 0.0 0.14604364549165783 0.19815219483075852 0.18683169700179003 0.1818946473463705 0.0 0.3758031626855125 0.33875950237533603 0.19815219483075852 0.18683169700179025 0.1327352771520931 0.0 0.0 0.0 0.0 0.0 0.04915937019427741
0.0 0.0 0.0 0.0 0.0 0.0 0.0 0.0 0.0 0.0 0.0 0.0 0.0 0.0 0.0 0.0 0.0 0.0 0.0 0.0 0.18166510325633767 0.18316344372472204 0.17893066710293204 0.17692759129586144 0.0 0.5713869735192967 0.209184005579369 0.18316344372472182 0.17893066710293226 0.08961674411917064 0.0 0.0 0.0 0.0 0.0 0.08731084717669058
0.0 0.0 0.0 0.0 0.0 0.0 0.0 0.0 0.0 0.0 0.0 0.0 0.0 0.0 0.0 0.0 0.0 0.0 0.0 0.027620819550471687 0.17810794245783046 0.1755309352098784 0.17453412783182087 0.17404240495056533 0.28254714378084556 0.35261285072314785 0.17810794245783068 0.17553093520987817 0.1745341278318211 0.07339350792714283 0.0 0.0 0.0 0.0 0.0 0.10064889702342183
0.0 0.0 0.0 0.0 0.0 0.0 0.0 0.0 0.0 0.0 0.0 0.0 0.0 0.0 0.0 0.0 0.0 0.0 0.0 0.04860825834467186 0.17298844881868036 0.17298213492512993 0.17297960958063774 0.17297834695217218 0.34580010342420353 0.2974191677323792 0.17298844881868058 0.17298213492512948 0.17297960958063774 0.08339881113380176 0.0 0.0 0.0 0.0 0.0 0.08957953581837064
0.0 0.0 0.0 0.0 0.0 0.0 0.0 0.0 0.0 0.0 0.0 0.0 0.0 0.0 0.0 0.0 0.0 0.0 0.0 0.05389761196623599 0.1766905398860481 0.17472935355700758 0.17396478765066492 0.17358645869143996 0.2976917460896136 0.31706105421328523 0.17669053988604855 0.17472935355700736 0.17396478765066492 0.11857699771200458 0.0 0.0 0.0 0.0 0.0 0.055009460979435154
0.0 0.0 0.0 0.0 0.0 0.0 0.0 0.0 0.0 0.0 0.0 0.0 0.0 0.0 0.0 0.0 0.0 0.0 0.0 0.042211468308962274 0.19051492739476594 0.18086862298412543 0.1774411309447257 0.17580295885005803 0.0 0.5496830520090092 0.19051492739476616 0.18086862298412543 0.1774411309447257 0.17580295885005803 0.0 0.0 0.0 0.0 0.0 0.0
0.0 0.0 0.0 0.0 0.0 0.0 0.0 0.0 0.0 0.0 0.0 0.0 0.0 0.0 0.0 0.0 0.0 0.0 0.0 0.0035444914770432767 0.22318409737922207 0.19242750983953716 0.18359641534164095 0.17963931623600793 0.0 0.4395628026980305 0.22318409737922185 0.19242750983953671 0.18359641534164117 0.17963931623600793 0.0 0.0 0.0 0.0 0.0 0.0
0.0 0.0 0.0 0.0 0.0 0.0 0.0 0.0 0.0 0.0 0.0 0.0 0.0 0.0 0.0 0.0 0.0 0.0 0.0 0.0 0.20918359231790906 0.2121345801884571 0.19291259660298254 0.18518507131765483 0.0 0.0 0.5574727395356693 0.21213458018845754 0.19291259660298232 0.1851850713176546 0.0 0.0 0.0 0.0 0.0 0.0
0.0 0.0 0.0 0.0 0.0 0.0 0.0 0.0 0.0 0.0 0.0 0.0 0.0 0.0 0.0 0.0 0.0 0.0 0.0 0.0 0.17117181370334045 0.2476156911169023 0.206339401769299 0.19262398474351206 0.0 0.0 0.41736485495366304 0.24761569111690251 0.206339401769299 0.19262398474351183 0.0 0.0 0.0 0.0 0.0 0.0
0.0 0.0 0.0 0.0 0.0 0.0 0.0 0.0 0.0 0.0 0.0 0.0 0.0 0.0 0.0 0.0 0.0 0.0 0.0 0.0 0.0 0.0 0.0 1.0234046038846107 0.0 0.0 0.0 0.0 0.0 0.0985634166518623 0.0 0.0 0.0 0.0 0.0 0.0
0.0 0.0 0.0 0.0 0.0 0.0 0.0 0.0 0.0 0.0 0.0 0.0 0.0 0.0 0.0 0.0 0.0 0.0 0.0 0.0 0.0 0.0 0.6534513060100609 0.37933334813426844 0.0 0.0 0.0 0.0 0.0 0.2708176740017505 0.0 0.0 0.0 0.0 0.0 0.0
0.0 0.0 0.0 0.0 0.0 0.0 0.0 0.0 0.0 0.0 0.0 0.0 0.0 0.0 0.0 0.0 0.0 0.0 0.0 0.0 0.0 0.0 0.7700967804727121 0.26670444505297297 0.0 0.0 0.0 0.0 0.15785573577576306 0.26670444505297297 0.0 0.0 0.0 0.0 0.0 0.0
0.0 0.0 0.0 0.0 0.0 0.0 0.0 0.0 0.0 0.0 0.0 0.0 0.0 0.0 0.0 0.0 0.0 0.0 0.0 0.0 0.0 0.4819476397644302 0.32277520714225116 0.23371056176726368 0.0 0.0 0.0 0.004124746062342588 0.32277520714225094 0.23371056176726412 0.0 0.0 0.0 0.0 0.0 0.0
0.0 0.0 0.0 0.0 0.0 0.0 0.0 0.0 0.0 0.0 0.0 0.0 0.0 0.0 0.0 0.0 0.0 0.0 0.0 0.0 0.0 0.5767608447039385 0.25057361040109627 0.2121546971074031 0.0 0.0 0.0 0.215895750235509 0.25057361040109605 0.21215469710740287 0.0 0.0 0.0 0.0 0.0 0.0
0.0 0.0 0.0 0.0 0.0 0.0 0.0 0.0 0.0 0.0 0.0 0.0 0.0 0.0 0.0 0.0 0.0 0.0 0.0 0.0 0.3369673967080318 0.29036597169324385 0.21662958553075717 0.19720546003096207 0.0 0.0 0.07357010638166228 0.29036597169324363 0.2166295855307574 0.19720546003096207 0.0 0.0 0.0 0.0 0.0 0.0
0.0 0.0 0.0 0.0 0.0 0.0 0.0 0.0 0.0 0.0 0.0 0.0 0.0 0.0 0.0 0.0 0.0 0.0 0.0 0.0 0.4375533534563294 0.22346389257924626 0.1966567552341869 0.18663316508319383 0.0 0.0 0.2503556266558684 0.22346389257924626 0.1966567552341867 0.18663316508319383 0.0 0.0 0.0 0.0 0.0 0.0
0.0 0.0 0.0 0.0 0.0 0.0 0.0 0.0 0.0 0.0 0.0 0.0 0.0 0.0 0.0 0.0 0.0 0.0 0.0 0.251999410903714 0.23887233623975224 0.19526720450768797 0.184111527092224 0.1792463582478785 0.0 0.11833225807134484 0.23887233623975224 0.19526720450768797 0.18411152709222423 0.17924635824787805 0.0 0.0 0.0 0.0 0.0 0.0
0.0 0.0 0.0 0.0 0.0 0.0 0.0 0.0 0.0 0.0 0.0 0.0 0.0 0.0 0.0 0.0 0.0 0.0 0.0 0.3333952983875592 0.1925792770851067 0.180496681627347 0.17632553197670475 0.17435161988555836 0.0 0.22967258540002966 0.19257927708510758 0.18049668162734678 0.17632553197670475 0.17435161988555814 0.0 0.0 0.0 0.0 0.0 0.0
0.0 0.0 0.0 0.0 0.0 0.0 0.0 0.0 0.0 0.0 0.0 0.0 0.0 0.0 0.0 0.0 0.0 0.0 0.18809576005483475 0.18736884109937613 0.17553352781674003 0.17299376924561827 0.1720113699589294 0.17152675455737043 0.09036737998249578 0.18736884109937657 0.17553352781674025 0.17299376924561782 0.17201136995892963 0.17152675455737043 0.0 0.0 0.0 0.0 0.0 0.0
0.0 0.0 0.0 0.0 0.0 0.0 0.0 0.0 0.0 0.0 0.0 0.0 0.0 0.0 0.0 0.0 0.0 0.0 0.22817312919196375 0.17054856529749918 0.17052366104932126 0.17051743711789125 0.17051494775521303 0.17051370311703073 0.11269991770688925 0.17054856529749918 0.17052366104932126 0.17051743711789147 0.1705149477552128 0.1705137031170305 0.0 0.0 0.0 0.0 0.0 0.0
0.0 0.0 0.0 0.0 0.0 0.0 0.0 0.0 0.0 0.0 0.0 0.0 0.0 0.0 0.0 0.0 0.0 0.0 0.22486964930120523 0.18289187474193214 0.174225686229335 0.17229185867851737 0.17153795855581655 0.17116490732973477 0.06866926218052871 0.18289187474193147 0.174225686229335 0.1722918586785176 0.17153795855581633 0.171164907329735 0.0 0.0 0.0 0.0 0.0 0.0
0.0 0.0 0.0 0.0 0.0 0.0 0.0 0.0 0.0 0.0 0.0 0.0 0.0 0.0 0.0 0.0 0.0 0.0 0.0 0.4012713057146231 0.18792936322453513 0.17841397317005647 0.17503299717395082 0.17341705745304337 0.0 0.18259034660072881 0.18792936322453535 0.17841397317005603 0.17503299717395082 0.1734170574530438 0.0 0.0 0.0 0.0 0.0 0.0
0.0 0.0 0.0 0.0 0.0 0.0 0.0 0.0 0.0 0.0 0.0 0.0 0.0 0.0 0.0 0.0 0.0 0.0 0.0 0.36930507767222087 0.22025456465784 0.18990169060246664 0.18118651377344075 0.17728135587440708 0.0 0.06798595390793016 0.22025456465783932 0.1899016906024671 0.18118651377344097 0.17728135587440663 0.0 0.0 0.0 0.0 0.0 0.0
0.0 0.0 0.0 0.0 0.0 0.0 0.0 0.0 0.0 0.0 0.0 0.0 0.0 0.0 0.0 0.0 0.0 0.0 0.0 0.0 0.5796233981685626 0.20945558297247735 0.19047634925110057 0.18284641304675797 0.0 0.0 0.17735101300605605 0.20945558297247757 0.19047634925110035 0.1828464130467582 0.0 0.0 0.0 0.0 0.0 0.0
0.0 0.0 0.0 0.0 0.0 0.0 0.0 0.0 0.0 0.0 0.0 0.0 0.0 0.0 0.0 0.0 0.0 0.0 0.0 0.0 0.550494675660463 0.24462098453092862 0.20384389769749567 0.19029435727472777 0.0 0.0 0.03092412970700531 0.24462098453092862 0.20384389769749545 0.1902943572747282 0.0 0.0 0.0 0.0 0.0 0.0
0.0 0.0 0.0 0.0 0.0 0.0 0.0 0.0 0.0 0.0 0.0 0.0 0.0 0.0 0.0 0.0 0.0 0.0 0.0 0.0 0.0 0.0 0.0 1.111555099018066 0.0 0.0 0.0 0.0 0.0 0.0 0.0 0.0 0.0 0.0 0.0 0.0
0.0 0.0 0.0 0.0 0.0 0.0 0.0 0.0 0.0 0.0 0.0 0.0 0.0 0.0 0.0 0.0 0.0 0.0 0.0 0.0 0.0 0.0 0.647112097389515 0.6438438299607556 0.0 0.0 0.0 0.0 0.0 0.0 0.0 0.0 0.0 0.0 0.0 0.0
0.0 0.0 0.0 0.0 0.0 0.0 0.0 0.0 0.0 0.0 0.0 0.0 0.0 0.0 0.0 0.0 0.0 0.0 0.0 0.0 0.0 0.0 0.9185869021119557 0.5280253152416643 0.0 0.0 0.0 0.0 0.0 0.0 0.0 0.0 0.0 0.0 0.0 0.0
0.0 0.0 0.0 0.0 0.0 0.0 0.0 0.0 0.0 0.0 0.0 0.0 0.0 0.0 0.0 0.0 0.0 0.0 0.0 0.0 0.0 0.4809957726608365 0.6388081885831725 0.4625393069595456 0.0 0.0 0.0 0.0 0.0 0.0 0.0 0.0 0.0 0.0 0.0 0.0
0.0 0.0 0.0 0.0 0.0 0.0 0.0 0.0 0.0 0.0 0.0 0.0 0.0 0.0 0.0 0.0 0.0 0.0 0.0 0.0 0.0 0.7841407891319037 0.49576320906169014 0.379868370224268 0.0 0.0 0.0 0.0 0.0 0.03988250971523044 0.0 0.0 0.0 0.0 0.0 0.0
0.0 0.0 0.0 0.0 0.0 0.0 0.0 0.0 0.0 0.0 0.0 0.0 0.0 0.0 0.0 0.0 0.0 0.0 0.0 0.0 0.4060300929148801 0.5743559191481054 0.4285022931118032 0.245366773851192 0.0 0.0 0.0 0.0 0.0 0.14471379446267374 0.0 0.0 0.0 0.0 0.0 0.0
0.0 0.0 0.0 0.0 0.0 0.0 0.0 0.0 0.0 0.0 0.0 0.0 0.0 0.0 0.0 0.0 0.0 0.0 0.0 0.0 0.6802440168668338 0.4419479329605851 0.34577845289931286 0.18455362201559966 0.0 0.0 0.0 0.0 0.04315259755065348 0.18455362201559966 0.0 0.0 0.0 0.0 0.0 0.0
0.0 0.0 0.0 0.0 0.0 0.0 0.0 0.0 0.0 0.0 0.0 0.0 0.0 0.0 0.0 0.0 0.0 0.0 0.0 0.3661743997290452 0.4723816063397741 0.38615034785040403 0.25328210805385654 0.17723417448118228 0.0 0.0 0.0 0.0 0.11080734777246759 0.17723417448118228 0.0 0.0 0.0 0.0 0.0 0.0
0.0 0.0 0.0 0.0 0.0 0.0 0.0 0.0 0.0 0.0 0.0 0.0 0.0 0.0 0.0 0.0 0.0 0.0 0.0 0.5567469963431748 0.3808348412765137 0.3569409239609409 0.19587116835536977 0.17239438347272373 0.0 0.0 0.0 0.0 0.15282110528770199 0.17239438347272396 0.0 0.0 0.0 0.0 0.0 0.0
0.0 0.0 0.0 0.0 0.0 0.0 0.0 0.0 0.0 0.0 0.0 0.0 0.0 0.0 0.0 0.0 0.0 0.0 0.27536038982577216 0.3705622016573624 0.3471553228957449 0.34213240381127186 0.17066227107187815 0.16961553329512702 0.0 0.0 0.0 0.0 0.16952722675542153 0.16961553329512702 0.0 0.0 0.0 0.0 0.0 0.0
0.0 0.0 0.0 0.0 0.0 0.0 0.0 0.0 0.0 0.0 0.0 0.0 0.0 0.0 0.0 0.0 0.0 0.0 0.33713050296961344 0.3373521263859438 0.33730286475149707 0.3372905535573292 0.17572544443306004 0.16864158377448168 0.0 0.0 0.0 0.0 0.1615601850617816 0.16864158377448168 0.0 0.0 0.0 0.0 0.0 0.0
0.0 0.0 0.0 0.0 0.0 0.0 0.0 0.0 0.0 0.0 0.0 0.0 0.0 0.0 0.0 0.0 0.0 0.0 0.2903853133370977 0.3618539980656015 0.3447078292393577 0.3408817258008059 0.20949259935457354 0.1693260188108079 0.0 0.0 0.0 0.0 0.12989752506193852 0.16932601881080878 0.0 0.0 0.0 0.0 0.0 0.0
0.0 0.0 0.0 0.0 0.0 0.0 0.0 0.0 0.0 0.0 0.0 0.0 0.0 0.0 0.0 0.0 0.0 0.0 0.0 0.5777637133300271 0.3719332013321095 0.35310118155531334 0.2705823595407255 0.17160586360057595 0.0 0.0 0.0 0.0 0.07582749286685875 0.17160586360057595 0.0 0.0 0.0 0.0 0.0 0.0
0.0 0.0 0.0 0.0 0.0 0.0 0.0 0.0 0.0 0.0 0.0 0.0 0.0 0.0 0.0 0.0 0.0 0.0 0.0 0.43287755244687576 0.43606317065233435 0.3759701118793719 0.3578485970323453 0.17549209538570065 0.0 0.0 0.0 0.0 0.0008670817924176788 0.17549209538570087 0.0 0.0 0.0 0.0 0.0 0.0
0.0 0.0 0.0 0.0 0.0 0.0 0.0 0.0 0.0 0.0 0.0 0.0 0.0 0.0 0.0 0.0 0.0 0.0 0.0 0.0 0.74963091263277 0.414847259040223 0.3772570311920971 0.2744219529244507 0.0 0.0 0.0 0.0 0.0 0.08772324369105622 0.0 0.0 0.0 0.0 0.0 0.0
0.0 0.0 0.0 0.0 0.0 0.0 0.0 0.0 0.0 0.0 0.0 0.0 0.0 0.0 0.0 0.0 0.0 0.0 0.0 0.0 0.5760226904347732 0.484701342115188 0.40390406810530366 0.377056492291018 0.0 0.0 0.0 0.0 0.0 0.0 0.0 0.0 0.0 0.0 0.0 0.0
0.0 0.0 0.0 0.0 0.0 0.0 0.0 0.0 0.0 0.0 0.0 0.0 0.0 0.0 0.0 0.0 0.0 0.0 0.0 0.0 0.0 0.0 0.0 1.1045586166054813 0.0 0.0 0.0 0.0 0.0 0.0 0.0 0.0 0.0 0.0 0.0 0.0
0.0 0.0 0.0 0.0 0.0 0.0 0.0 0.0 0.0 0.0 0.0 0.0 0.0 0.0 0.0 0.0 0.0 0.0 0.0 0.0 0.0 0.0 0.6428512306609135 0.639604482922496 0.0 0.0 0.0 0.0 0.0 0.0 0.0 0.0 0.0 0.0 0.0 0.0
0.0 0.0 0.0 0.0 0.0 0.0 0.0 0.0 0.0 0.0 0.0 0.0 0.0 0.0 0.0 0.0 0.0 0.0 0.0 0.0 0.0 0.0 0.9122897454271193 0.5244055617529186 0.0 0.0 0.0 0.0 0.0 0.0 0.0 0.0 0.0 0.0 0.0 0.0
0.0 0.0 0.0 0.0 0.0 0.0 0.0 0.0 0.0 0.0 0.0 0.0 0.0 0.0 0.0 0.0 0.0 0.0 0.0 0.0 0.0 0.4775813850578554 0.6342735567137057 0.4592559340790723 0.0 0.0 0.0 0.0 0.0 0.0 0.0 0.0 0.0 0.0 0.0 0.0
0.0 0.0 0.0 0.0 0.0 0.0 0.0 0.0 0.0 0.0 0.0 0.0 0.0 0.0 0.0 0.0 0.0 0.0 0.0 0.0 0.0 0.7784118299246716 0.4921411462376095 0.4166841657706879 0.0 0.0 0.0 0.0 0.0 0.0 0.0 0.0 0.0 0.0 0.0 0.0
0.0 0.0 0.0 0.0 0.0 0.0 0.0 0.0 0.0 0.0 0.0 0.0 0.0 0.0 0.0 0.0 0.0 0.0 0.0 0.0 0.40299714592706226 0.5700656187853699 0.425301484201716 0.38716676043283194 0.0 0.0 0.0 0.0 0.0 0.0 0.0 0.0 0.0 0.0 0.0 0.0
0.0 0.0 0.0 0.0 0.0 0.0 0.0 0.0 0.0 0.0 0.0 0.0 0.0 0.0 0.0 0.0 0.0 0.0 0.0 0.0 0.6750856939622867 0.43859662065399707 0.3859817676983628 0.36630828615150945 0.0 0.0 0.0 0.0 0.0 0.0 0.0 0.0 0.0 0.0 0.0 0.0
0.0 0.0 0.0 0.0 0.0 0.0 0.0 0.0 0.0 0.0 0.0 0.0 0.0 0.0 0.0 0.0 0.0 0.0 0.0 0.36337646456208317 0.4687721428994529 0.3831997766504942 0.36130745169624223 0.35175985961993494 0.0 0.0 0.0 0.0 0.0 0.0 0.0 0.0 0.0 0.0 0.0 0.0
0.0 0.0 0.0 0.0 0.0 0.0 0.0 0.0 0.0 0.0 0.0 0.0 0.0 0.0 0.0 0.0 0.0 0.0 0.0 0.5524928977461121 0.37792488581266825 0.3542135416960499 0.34602791923818765 0.3421542391987671 0.0 0.0 0.0 0.0 0.0 0.0 0.0 0.0 0.0 0.0 0.0 0.0
0.0 0.0 0.0 0.0 0.0 0.0 0.0 0.0 0.0 0.0 0.0 0.0 0.0 0.0 0.0 0.0 0.0 0.0 0.2732723188238628 0.36775221076442666 0.3445228274836154 0.33953799743472346 0.3376098245997241 0.33665866119257526 0.0 0.0 0.0 0.0 0.0 0.0 0.0 0.0 0.0 0.0 0.0 0.0
0.0 0.0 0.0 0.0 0.0 0.0 0.0 0.0 0.0 0.0 0.0 0.0 0.0 0.0 0.0 0.0 0.0 0.0 0.33461221932185126 0.33483218726466313 0.3347832936027575 0.3347710743702421 0.3347661870893146 0.33476374353357974 0.0 0.0 0.0 0.0 0.0 0.0 0.0 0.0 0.0 0.0 0.0 0.0
0.0 0.0 0.0 0.0 0.0 0.0 0.0 0.0 0.0 0.0 0.0 0.0 0.0 0.0 0.0 0.0 0.0 0.0 0.2882637483865902 0.35921028047989956 0.34218938214478434 0.3383912323477569 0.3369105286537757 0.33617783434604376 0.0 0.0 0.0 0.0 0.0 0.0 0.0 0.0 0.0 0.0 0.0 0.0
0.0 0.0 0.0 0.0 0.0 0.0 0.0 0.0 0.0 0.0 0.0 0.0 0.0 0.0 0.0 0.0 0.0 0.0 0.0 0.5736624106317982 0.3692930032598025 0.35059466410666085 0.343950833902972 0.34077541084836493 0.0 0.0 0.0 0.0 0.0 0.0 0.0 0.0 0.0 0.0 0.0 0.0
0.0 0.0 0.0 0.0 0.0 0.0 0.0 0.0 0.0 0.0 0.0 0.0 0.0 0.0 0.0 0.0 0.0 0.0 0.0 0.42991006209093574 0.4330738420392575 0.37339273711180776 0.3562565877690631 0.34857810111553356 0.0 0.0 0.0 0.0 0.0 0.0 0.0 0.0 0.0 0.0 0.0 0.0
0.0 0.0 0.0 0.0 0.0 0.0 0.0 0.0 0.0 0.0 0.0 0.0 0.0 0.0 0.0 0.0 0.0 0.0 0.0 0.0 0.7446950175579476 0.41211572475022074 0.3747730072666906 0.3597606755635834 0.0 0.0 0.0 0.0 0.0 0.0 0.0 0.0 0.0 0.0 0.0 0.0
0.0 0.0 0.0 0.0 0.0 0.0 0.0 0.0 0.0 0.0 0.0 0.0 0.0 0.0 0.0 0.0 0.0 0.0 0.0 0.0 0.5723970198526891 0.4816504772336707 0.4013617670431564 0.37468317843622523 0.0 0.0 0.0 0.0 0.0 0.0 0.0 0.0 0.0 0.0 0.0 0.0
0.0 0.0 0.0 0.0 0.0 0.0 0.0 0.0 0.0 0.0 0.0 0.0 0.0 0.0 0.0 0.0 0.0 0.0 0.0 0.0 0.0 0.0 0.0 1.101043703582919 0.0 0.0 0.0 0.0 0.0 0.0 0.0 0.0 0.0 0.0 0.0 0.0
0.0 0.0 0.0 0.0 0.0 0.0 0.0 0.0 0.0 0.0 0.0 0.0 0.0 0.0 0.0 0.0 0.0 0.0 0.0 0.0 0.0 0.0 0.6407101714889916 0.6374742372618378 0.0 0.0 0.0 0.0 0.0 0.0 0.0 0.0 0.0 0.0 0.0 0.0
0.0 0.0 0.0 0.0 0.0 0.0 0.0 0.0 0.0 0.0 0.0 0.0 0.0 0.0 0.0 0.0 0.0 0.0 0.0 0.0 0.0 0.0 0.9091248104916065 0.5225862828548611 0.0 0.0 0.0 0.0 0.0 0.0 0.0 0.0 0.0 0.0 0.0 0.0
0.0 0.0 0.0 0.0 0.0 0.0 0.0 0.0 0.0 0.0 0.0 0.0 0.0 0.0 0.0 0.0 0.0 0.0 0.0 0.0 0.0 0.4758650043571828 0.6319940397020647 0.4576054132535512 0.0 0.0 0.0 0.0 0.0 0.0 0.0 0.0 0.0 0.0 0.0 0.0
0.0 0.0 0.0 0.0 0.0 0.0 0.0 0.0 0.0 0.0 0.0 0.0 0.0 0.0 0.0 0.0 0.0 0.0 0.0 0.0 0.0 0.7755314802506816 0.4903200811720132 0.41514231343122465 0.0 0.0 0.0 0.0 0.0 0.0 0.0 0.0 0.0 0.0 0.0 0.0
0.0 0.0 0.0 0.0 0.0 0.0 0.0 0.0 0.0 0.0 0.0 0.0 0.0 0.0 0.0 0.0 0.0 0.0 0.0 0.0 0.40147208030173687 0.5679083144764556 0.42369201207390783 0.38570160187383884 0.0 0.0 0.0 0.0 0.0 0.0 0.0 0.0 0.0 0.0 0.0 0.0
0.0 0.0 0.0 0.0 0.0 0.0 0.0 0.0 0.0 0.0 0.0 0.0 0.0 0.0 0.0 0.0 0.0 0.0 0.0 0.0 0.6724916951511357 0.4369113248127041 0.3844986430291699 0.36490075631153607 0.0 0.0 0.0 0.0 0.0 0.0 0.0 0.0 0.0 0.0 0.0 0.0
0.0 0.0 0.0 0.0 0.0 0.0 0.0 0.0 0.0 0.0 0.0 0.0 0.0 0.0 0.0 0.0 0.0 0.0 0.0 0.3619693868105369 0.46695694869414317 0.3817159384476727 0.3599083856412557 0.3503977640506615 0.0 0.0 0.0 0.0 0.0 0.0 0.0 0.0 0.0 0.0 0.0 0.0
0.0 0.0 0.0 0.0 0.0 0.0 0.0 0.0 0.0 0.0 0.0 0.0 0.0 0.0 0.0 0.0 0.0 0.0 0.0 0.5503535174061034 0.37646147320771384 0.35284194490202636 0.3446880190683703 0.34082933881438326 0.0 0.0 0.0 0.0 0.0 0.0 0.0 0.0 0.0 0.0 0.0 0.0
0.0 0.0 0.0 0.0 0.0 0.0 0.0 0.0 0.0 0.0 0.0 0.0 0.0 0.0 0.0 0.0 0.0 0.0 0.27222227721213277 0.36633913268255225 0.3431990076887388 0.3382333317166326 0.3363125678344314 0.3353650592473594 0.0 0.0 0.0 0.0 0.0 0.0 0.0 0.0 0.0 0.0 0.0 0.0
0.0 0.0 0.0 0.0 0.0 0.0 0.0 0.0 0.0 0.0 0.0 0.0 0.0 0.0 0.0 0.0 0.0 0.0 0.3333459433726096 0.3335650788888076 0.333516370255615 0.333504197264447 0.33349932847850194 0.3334968941699348 0.0 0.0 0.0 0.0 0.0 0.0 0.0 0.0 0.0 0.0 0.0 0.0
0.0 0.0 0.0 0.0 0.0 0.0 0.0 0.0 0.0 0.0 0.0 0.0 0.0 0.0 0.0 0.0 0.0 0.0 0.28719708886039963 0.35788109819553937 0.34092318212390205 0.3371390865833881 0.3356638619227921 0.33493387879663317 0.0 0.0 0.0 0.0 0.0 0.0 0.0 0.0 0.0 0.0 0.0 0.0
0.0 0.0 0.0 0.0 0.0 0.0 0.0 0.0 0.0 0.0 0.0 0.0 0.0 0.0 0.0 0.0 0.0 0.0 0.0 0.5716007241399992 0.3679658003923638 0.349334661237924 0.342714708308971 0.3395506974136686 0.0 0.0 0.0 0.0 0.0 0.0 0.0 0.0 0.0 0.0 0.0 0.0
0.0 0.0 0.0 0.0 0.0 0.0 0.0 0.0 0.0 0.0 0.0 0.0 0.0 0.0 0.0 0.0 0.0 0.0 0.0 0.42841860898465955 0.43157141308047753 0.37209735510814546 0.35502065485817824 0.3473688065734153 0.0 0.0 0.0 0.0 0.0 0.0 0.0 0.0 0.0 0.0 0.0 0.0
0.0 0.0 0.0 0.0 0.0 0.0 0.0 0.0 0.0 0.0 0.0 0.0 0.0 0.0 0.0 0.0 0.0 0.0 0.0 0.0 0.7422147608180094 0.4107431456677093 0.3735248006112051 0.35856246848646367 0.0 0.0 0.0 0.0 0.0 0.0 0.0 0.0 0.0 0.0 0.0 0.0
0.0 0.0 0.0 0.0 0.0 0.0 0.0 0.0 0.0 0.0 0.0 0.0 0.0 0.0 0.0 0.0 0.0 0.0 0.0 0.0 0.5705755450039094 0.4801177749313166 0.4000845584998254 0.3734908661737315 0.0 0.0 0.0 0.0 0.0 0.0 0.0 0.0 0.0 0.0 0.0 0.0
0.0 0.0 0.0 0.0 0.0 0.0 0.0 0.0 0.0 0.0 0.0 0.0 0.0 0.0 0.0 0.0 0.0 1.101043703582919 0.0 0.0 0.0 0.0 0.0 0.0 0.0 0.0 0.0 0.0 0.0 0.0 0.0 0.0 0.0 0.0 0.0 0.0
0.0 0.0 0.0 0.0 0.0 0.0 0.0 0.0 0.0 0.0 0.0 0.0 0.0 0.0 0.0 0.0 0.6407101714889916 0.6374742372618378 0.0 0.0 0.0 0.0 0.0 0.0 0.0 0.0 0.0 0.0 0.0 0.0 0.0 0.0 0.0 0.0 0.0 0.0
0.0 0.0 0.0 0.0 0.0 0.0 0.0 0.0 0.0 0.0 0.0 0.0 0.0 0.0 0.0 0.0 0.9091248104916065 0.5225862828548611 0.0 0.0 0.0 0.0 0.0 0.0 0.0 0.0 0.0 0.0 0.0 0.0 0.0 0.0 0.0 0.0 0.0 0.0
0.0 0.0 0.0 0.0 0.0 0.0 0.0 0.0 0.0 0.0 0.0 0.0 0.0 0.0 0.0 0.4758650043571828 0.6319940397020647 0.4576054132535512 0.0 0.0 0.0 0.0 0.0 0.0 0.0 0.0 0.0 0.0 0.0 0.0 0.0 0.0 0.0 0.0 0.0 0.0
0.0 0.0 0.0 0.0 0.0 0.0 0.0 0.0 0.0 0.0 0.0 0.0 0.0 0.0 0.0 0.7755314802506816 0.4903200811720132 0.41514231343122465 0.0 0.0 0.0 0.0 0.0 0.0 0.0 0.0 0.0 0.0 0.0 0.0 0.0 0.0 0.0 0.0 0.0 0.0
0.0 0.0 0.0 0.0 0.0 0.0 0.0 0.0 0.0 0.0 0.0 0.0 0.0 0.0 0.40147208030173687 0.5679083144764556 0.42369201207390783 0.38570160187383884 0.0 0.0 0.0 0.0 0.0 0.0 0.0 0.0 0.0 0.0 0.0 0.0 0.0 0.0 0.0 0.0 0.0 0.0
0.0 0.0 0.0 0.0 0.0 0.0 0.0 0.0 0.0 0.0 0.0 0.0 0.0 0.0 0.6724916951511357 0.4369113248127041 0.3844986430291699 0.36490075631153607 0.0 0.0 0.0 0.0 0.0 0.0 0.0 0.0 0.0 0.0 0.0 0.0 0.0 0.0 0.0 0.0 0.0 0.0
0.0 0.0 0.0 0.0 0.0 0.0 0.0 0.0 0.0 0.0 0.0 0.0 0.0 0.3619693868105369 0.46695694869414317 0.3817159384476727 0.3599083856412557 0.3503977640506615 0.0 0.0 0.0 0.0 0.0 0.0 0.0 0.0 0.0 0.0 0.0 0.0 0.0 0.0 0.0 0.0 0.0 0.0
0.0 0.0 0.0 0.0 0.0 0.0 0.0 0.0 0.0 0.0 0.0 0.0 0.0 0.5503535174061034 0.37646147320771384 0.35284194490202636 0.3446880190683703 0.34082933881438326 0.0 0.0 0.0 0.0 0.0 0.0 0.0 0.0 0.0 0.0 0.0 0.0 0.0 0.0 0.0 0.0 0.0 0.0
0.0 0.0 0.0 0.0 0.0 0.0 0.0 0.0 0.0 0.0 0.0 0.0 0.27222227721213277 0.36633913268255225 0.3431990076887388 0.3382333317166326 0.3363125678344314 0.3353650592473594 0.0 0.0 0.0 0.0 0.0 0.0 0.0 0.0 0.0 0.0 0.0 0.0 0.0 0.0 0.0 0.0 0.0 0.0
0.0 0.0 0.0 0.0 0.0 0.0 0.0 0.0 0.0 0.0 0.0 0.0 0.3333459433726096 0.3335650788888076 0.333516370255615 0.333504197264447 0.33349932847850194 0.3334968941699348 0.0 0.0 0.0 0.0 0.0 0.0 0.0 0.0 0.0 0.0 0.0 0.0 0.0 0.0 0.0 0.0 0.0 0.0
0.0 0.0 0.0 0.0 0.0 0.0 0.0 0.0 0.0 0.0 0.0 0.0 0.28719708886039963 0.35788109819553937 0.34092318212390205 0.3371390865833881 0.3356638619227921 0.33493387879663317 0.0 0.0 0.0 0.0 0.0 0.0 0.0 0.0 0.0 0.0 0.0 0.0 0.0 0.0 0.0 0.0 0.0 0.0
0.0 0.0 0.0 0.0 0.0 0.0 0.0 0.0 0.0 0.0 0.0 0.0 0.0 0.5716007241399992 0.3679658003923638 0.349334661237924 0.342714708308971 0.3395506974136686 0.0 0.0 0.0 0.0 0.0 0.0 0.0 0.0 0.0 0.0 0.0 0.0 0.0 0.0 0.0 0.0 0.0 0.0
0.0 0.0 0.0 0.0 0.0 0.0 0.0 0.0 0.0 0.0 0.0 0.0 0.0 0.42841860898465955 0.43157141308047753 0.37209735510814546 0.35502065485817824 0.3473688065734153 0.0 0.0 0.0 0.0 0.0 0.0 0.0 0.0 0.0 0.0 0.0 0.0 0.0 0.0 0.0 0.0 0.0 0.0
0.0 0.0 0.0 0.0 0.0 0.0 0.0 0.0 0.0 0.0 0.0 0.0 0.0 0.0 0.7422147608180094 0.4107431456677093 0.3735248006112051 0.35856246848646367 0.0 0.0 0.0 0.0 0.0 0.0 0.0 0.0 0.0 0.0 0.0 0.0 0.0 0.0 0.0 0.0 0.0 0.0
0.0 0.0 0.0 0.0 0.0 0.0 0.0 0.0 0.0 0.0 0.0 0.0 0.0 0.0 0.5705755450039094 0.4801177749313166 0.4000845584998254 0.3734908661737315 0.0 0.0 0.0 0.0 0.0 0.0 0.0 0.0 0.0 0.0 0.0 0.0 0.0 0.0 0.0 0.0 0.0 0.0
0.0 0.0 0.0 0.0 0.0 0.0 0.0 0.0 0.0 0.0 0.0 0.0 0.0 0.0 0.0 0.0 0.0 1.1045586166054813 0.0 0.0 0.0 0.0 0.0 0.0 0.0 0.0 0.0 0.0 0.0 0.0 0.0 0.0 0.0 0.0 0.0 0.0
0.0 0.0 0.0 0.0 0.0 0.0 0.0 0.0 0.0 0.0 0.0 0.0 0.0 0.0 0.0 0.0 0.6428512306609135 0.639604482922496 0.0 0.0 0.0 0.0 0.0 0.0 0.0 0.0 0.0 0.0 0.0 0.0 0.0 0.0 0.0 0.0 0.0 0.0
0.0 0.0 0.0 0.0 0.0 0.0 0.0 0.0 0.0 0.0 0.0 0.0 0.0 0.0 0.0 0.0 0.9122897454271193 0.5244055617529186 0.0 0.0 0.0 0.0 0.0 0.0 0.0 0.0 0.0 0.0 0.0 0.0 0.0 0.0 0.0 0.0 0.0 0.0
0.0 0.0 0.0 0.0 0.0 0.0 0.0 0.0 0.0 0.0 0.0 0.0 0.0 0.0 0.0 0.4775813850578554 0.6342735567137057 0.4592559340790723 0.0 0.0 0.0 0.0 0.0 0.0 0.0 0.0 0.0 0.0 0.0 0.0 0.0 0.0 0.0 0.0 0.0 0.0
0.0 0.0 0.0 0.0 0.0 0.0 0.0 0.0 0.0 0.0 0.0 0.0 0.0 0.0 0.0 0.7784118299246716 0.4921411462376095 0.4166841657706879 0.0 0.0 0.0 0.0 0.0 0.0 0.0 0.0 0.0 0.0 0.0 0.0 0.0 0.0 0.0 0.0 0.0 0.0
0.0 0.0 0.0 0.0 0.0 0.0 0.0 0.0 0.0 0.0 0.0 0.0 0.0 0.0 0.40299714592706226 0.5700656187853699 0.425301484201716 0.38716676043283194 0.0 0.0 0.0 0.0 0.0 0.0 0.0 0.0 0.0 0.0 0.0 0.0 0.0 0.0 0.0 0.0 0.0 0.0
0.0 0.0 0.0 0.0 0.0 0.0 0.0 0.0 0.0 0.0 0.0 0.0 0.0 0.0 0.6750856939622867 0.43859662065399707 0.3859817676983628 0.36630828615150945 0.0 0.0 0.0 0.0 0.0 0.0 0.0 0.0 0.0 0.0 0.0 0.0 0.0 0.0 0.0 0.0 0.0 0.0
0.0 0.0 0.0 0.0 0.0 0.0 0.0 0.0 0.0 0.0 0.0 0.0 0.0 0.36337646456208317 0.4687721428994529 0.3831997766504942 0.36130745169624223 0.35175985961993494 0.0 0.0 0.0 0.0 0.0 0.0 0.0 0.0 0.0 0.0 0.0 0.0 0.0 0.0 0.0 0.0 0.0 0.0
0.0 0.0 0.0 0.0 0.0 0.0 0.0 0.0 0.0 0.0 0.0 0.0 0.0 0.5524928977461121 0.37792488581266825 0.3542135416960499 0.34602791923818765 0.3421542391987671 0.0 0.0 0.0 0.0 0.0 0.0 0.0 0.0 0.0 0.0 0.0 0.0 0.0 0.0 0.0 0.0 0.0 0.0
0.0 0.0 0.0 0.0 0.0 0.0 0.0 0.0 0.0 0.0 0.0 0.0 0.2732723188238628 0.36775221076442666 0.3445228274836154 0.33953799743472346 0.3376098245997241 0.33665866119257526 0.0 0.0 0.0 0.0 0.0 0.0 0.0 0.0 0.0 0.0 0.0 0.0 0.0 0.0 0.0 0.0 0.0 0.0
0.0 0.0 0.0 0.0 0.0 0.0 0.0 0.0 0.0 0.0 0.0 0.0 0.33461221932185126 0.33483218726466313 0.3347832936027575 0.3347710743702421 0.3347661870893146 0.33476374353357974 0.0 0.0 0.0 0.0 0.0 0.0 0.0 0.0 0.0 0.0 0.0 0.0 0.0 0.0 0.0 0.0 0.0 0.0
0.0 0.0 0.0 0.0 0.0 0.0 0.0 0.0 0.0 0.0 0.0 0.0 0.2882637483865902 0.35921028047989956 0.34218938214478434 0.3383912323477569 0.3369105286537757 0.33617783434604376 0.0 0.0 0.0 0.0 0.0 0.0 0.0 0.0 0.0 0.0 0.0 0.0 0.0 0.0 0.0 0.0 0.0 0.0
0.0 0.0 0.0 0.0 0.0 0.0 0.0 0.0 0.0 0.0 0.0 0.0 0.0 0.5736624106317982 0.3692930032598025 0.35059466410666085 0.343950833902972 0.34077541084836493 0.0 0.0 0.0 0.0 0.0 0.0 0.0 0.0 0.0 0.0 0.0 0.0 0.0 0.0 0.0 0.0 0.0 0.0
0.0 0.0 0.0 0.0 0.0 0.0 0.0 0.0 0.0 0.0 0.0 0.0 0.0 0.42991006209093574 0.4330738420392575 0.37339273711180776 0.3562565877690631 0.34857810111553356 0.0 0.0 0.0 0.0 0.0 0.0 0.0 0.0 0.0 0.0 0.0 0.0 0.0 0.0 0.0 0.0 0.0 0.0
0.0 0.0 0.0 0.0 0.0 0.0 0.0 0.0 0.0 0.0 0.0 0.0 0.0 0.0 0.7446950175579476 0.41211572475022074 0.3747730072666906 0.3597606755635834 0.0 0.0 0.0 0.0 0.0 0.0 0.0 0.0 0.0 0.0 0.0 0.0 0.0 0.0 0.0 0.0 0.0 0.0
0.0 0.0 0.0 0.0 0.0 0.0 0.0 0.0 0.0 0.0 0.0 0.0 0.0 0.0 0.5723970198526891 0.4816504772336707 0.4013617670431564 0.37468317843622523 0.0 0.0 0.0 0.0 0.0 0.0 0.0 0.0 0.0 0.0 0.0 0.0 0.0 0.0 0.0 0.0 0.0 0.0
0.0 0.0 0.0 0.0 0.0 0.0 0.0 0.0 0.0 0.0 0.0 0.0 0.0 0.0 0.0 0.0 0.0 1.111555099018066 0.0 0.0 0.0 0.0 0.0 0.0 0.0 0.0 0.0 0.0 0.0 0.0 0.0 0.0 0.0 0.0 0.0 0.0
0.0 0.0 0.0 0.0 0.0 0.0 0.0 0.0 0.0 0.0 0.0 0.0 0.0 0.0 0.0 0.0 0.647112097389515 0.6438438299607556 0.0 0.0 0.0 0.0 0.0 0.0 0.0 0.0 0.0 0.0 0.0 0.0 0.0 0.0 0.0 0.0 0.0 0.0
0.0 0.0 0.0 0.0 0.0 0.0 0.0 0.0 0.0 0.0 0.0 0.0 0.0 0.0 0.0 0.0 0.9185869021119557 0.5280253152416643 0.0 0.0 0.0 0.0 0.0 0.0 0.0 0.0 0.0 0.0 0.0 0.0 0.0 0.0 0.0 0.0 0.0 0.0
0.0 0.0 0.0 0.0 0.0 0.0 0.0 0.0 0.0 0.0 0.0 0.0 0.0 0.0 0.0 0.4809957726608365 0.6388081885831725 0.4625393069595456 0.0 0.0 0.0 0.0 0.0 0.0 0.0 0.0 0.0 0.0 0.0 0.0 0.0 0.0 0.0 0.0 0.0 0.0
0.0 0.0 0.0 0.0 0.0 0.0 0.0 0.0 0.0 0.0 0.0 0.03988250971523 0.0 0.0 0.0 0.7841407891319037 0.49576320906169014 0.37986837022426845 0.0 0.0 0.0 0.0 0.0 0.0 0.0 0.0 0.0 0.0 0.0 0.0 0.0 0.0 0.0 0.0 0.0 0.0
0.0 0.0 0.0 0.0 0.0 0.0 0.0 0.0 0.0 0.0 0.0 0.1447137944626733 0.0 0.0 0.4060300929148801 0.5743559191481054 0.4285022931118032 0.24536677385119243 0.0 0.0 0.0 0.0 0.0 0.0 0.0 0.0 0.0 0.0 0.0 0.0 0.0 0.0 0.0 0.0 0.0 0.0
0.0 0.0 0.0 0.0 0.0 0.0 0.0 0.0 0.0 0.0 0.04315259755065304 0.18455362201559966 0.0 0.0 0.6802440168668338 0.4419479329605851 0.3457784528993133 0.18455362201559966 0.0 0.0 0.0 0.0 0.0 0.0 0.0 0.0 0.0 0.0 0.0 0.0 0.0 0.0 0.0 0.0 0.0 0.0
0.0 0.0 0.0 0.0 0.0 0.0 0.0 0.0 0.0 0.0 0.11080734777246715 0.17723417448118228 0.0 0.3661743997290452 0.4723816063397741 0.38615034785040403 0.253282108053857 0.17723417448118228 0.0 0.0 0.0 0.0 0.0 0.0 0.0 0.0 0.0 0.0 0.0 0.0 0.0 0.0 0.0 0.0 0.0 0.0
0.0 0.0 0.0 0.0 0.0 0.0 0.0 0.0 0.0 0.0 0.15282110528770154 0.17239438347272396 0.0 0.5567469963431748 0.3808348412765137 0.3569409239609409 0.19587116835537022 0.17239438347272373 0.0 0.0 0.0 0.0 0.0 0.0 0.0 0.0 0.0 0.0 0.0 0.0 0.0 0.0 0.0 0.0 0.0 0.0
0.0 0.0 0.0 0.0 0.0 0.0 0.0 0.0 0.0 0.0 0.1695272267554211 0.16961553329512702 0.27536038982577216 0.3705622016573624 0.3471553228957449 0.34213240381127186 0.1706622710718786 0.16961553329512702 0.0 0.0 0.0 0.0 0.0 0.0 0.0 0.0 0.0 0.0 0.0 0.0 0.0 0.0 0.0 0.0 0.0 0.0
0.0 0.0 0.0 0.0 0.0 0.0 0.0 0.0 0.0 0.0 0.16156018506178116 0.16864158377448168 0.33713050296961344 0.3373521263859438 0.33730286475149707 0.3372905535573292 0.17572544443306048 0.16864158377448168 0.0 0.0 0.0 0.0 0.0 0.0 0.0 0.0 0.0 0.0 0.0 0.0 0.0 0.0 0.0 0.0 0.0 0.0
0.0 0.0 0.0 0.0 0.0 0.0 0.0 0.0 0.0 0.0 0.12989752506193808 0.16932601881080878 0.2903853133370977 0.3618539980656015 0.3447078292393577 0.3408817258008059 0.20949259935457398 0.1693260188108079 0.0 0.0 0.0 0.0 0.0 0.0 0.0 0.0 0.0 0.0 0.0 0.0 0.0 0.0 0.0 0.0 0.0 0.0
0.0 0.0 0.0 0.0 0.0 0.0 0.0 0.0 0.0 0.0 0.07582749286685875 0.17160586360057595 0.0 0.5777637133300271 0.3719332013321095 0.35310118155531334 0.2705823595407255 0.17160586360057595 0.0 0.0 0.0 0.0 0.0 0.0 0.0 0.0 0.0 0.0 0.0 0.0 0.0 0.0 0.0 0.0 0.0 0.0
0.0 0.0 0.0 0.0 0.0 0.0 0.0 0.0 0.0 0.0 0.0008670817924176788 0.17549209538570087 0.0 0.43287755244687576 0.43606317065233435 0.3759701118793719 0.3578485970323453 0.17549209538570065 0.0 0.0 0.0 0.0 0.0 0.0 0.0 0.0 0.0 0.0 0.0 0.0 0.0 0.0 0.0 0.0 0.0 0.0
0.0 0.0 0.0 0.0 0.0 0.0 0.0 0.0 0.0 0.0 0.0 0.08772324369105577 0.0 0.0 0.74963091263277 0.414847259040223 0.3772570311920971 0.27442195292445115 0.0 0.0 0.0 0.0 0.0 0.0 0.0 0.0 0.0 0.0 0.0 0.0 0.0 0.0 0.0 0.0 0.0 0.0
0.0 0.0 0.0 0.0 0.0 0.0 0.0 0.0 0.0 0.0 0.0 0.0 0.0 0.0 0.5760226904347732 0.484701342115188 0.40390406810530366 0.377056492291018 0.0 0.0 0.0 0.0 0.0 0.0 0.0 0.0 0.0 0.0 0.0 0.0 0.0 0.0 0.0 0.0 0.0 0.0
0.0 0.0 0.0 0.0 0.0 0.0 0.0 0.0 0.0 0.0 0.0 0.0985634166518623 0.0 0.0 0.0 0.0 0.0 1.0234046038846114 0.0 0.0 0.0 0.0 0.0 0.0 0.0 0.0 0.0 0.0 0.0 0.0 0.0 0.0 0.0 0.0 0.0 0.0
0.0 0.0 0.0 0.0 0.0 0.0 0.0 0.0 0.0 0.0 0.0 0.2708176740017496 0.0 0.0 0.0 0.0 0.6534513060100609 0.37933334813426933 0.0 0.0 0.0 0.0 0.0 0.0 0.0 0.0 0.0 0.0 0.0 0.0 0.0 0.0 0.0 0.0 0.0 0.0
0.0 0.0 0.0 0.0 0.0 0.0 0.0 0.0 0.0 0.0 0.15785573577576217 0.26670444505297297 0.0 0.0 0.0 0.0 0.770096780472713 0.26670444505297297 0.0 0.0 0.0 0.0 0.0 0.0 0.0 0.0 0.0 0.0 0.0 0.0 0.0 0.0 0.0 0.0 0.0 0.0
0.0 0.0 0.0 0.0 0.0 0.0 0.0 0.0 0.0 0.004124746062342144 0.32277520714225094 0.23371056176726412 0.0 0.0 0.0 0.48194763976443067 0.32277520714225116 0.23371056176726368 0.0 0.0 0.0 0.0 0.0 0.0 0.0 0.0 0.0 0.0 0.0 0.0 0.0 0.0 0.0 0.0 0.0 0.0
0.0 0.0 0.0 0.0 0.0 0.0 0.0 0.0 0.0 0.2158957502355081 0.25057361040109605 0.21215469710740287 0.0 0.0 0.0 0.5767608447039394 0.25057361040109627 0.2121546971074031 0.0 0.0 0.0 0.0 0.0 0.0 0.0 0.0 0.0 0.0 0.0 0.0 0.0 0.0 0.0 0.0 0.0 0.0
0.0 0.0 0.0 0.0 0.0 0.0 0.0 0.0 0.07357010638166184 0.29036597169324363 0.2166295855307574 0.19720546003096207 0.0 0.0 0.3369673967080322 0.29036597169324385 0.21662958553075717 0.19720546003096207 0.0 0.0 0.0 0.0 0.0 0.0 0.0 0.0 0.0 0.0 0.0 0.0 0.0 0.0 0.0 0.0 0.0 0.0
0.0 0.0 0.0 0.0 0.0 0.0 0.0 0.0 0.2503556266558675 0.22346389257924626 0.1966567552341867 0.18663316508319383 0.0 0.0 0.4375533534563303 0.22346389257924626 0.1966567552341869 0.18663316508319383 0.0 0.0 0.0 0.0 0.0 0.0 0.0 0.0 0.0 0.0 0.0 0.0 0.0 0.0 0.0 0.0 0.0 0.0
0.0 0.0 0.0 0.0 0.0 0.0 0.0 0.1183322580713444 0.23887233623975224 0.19526720450768797 0.18411152709222423 0.17924635824787805 0.0 0.25199941090371447 0.23887233623975224 0.19526720450768797 0.184111527092224 0.1792463582478785 0.0 0.0 0.0 0.0 0.0 0.0 0.0 0.0 0.0 0.0 0.0 0.0 0.0 0.0 0.0 0.0 0.0 0.0
0.0 0.0 0.0 0.0 0.0 0.0 0.0 0.22967258540002922 0.19257927708510758 0.18049668162734678 0.17632553197670475 0.17435161988555814 0.0 0.33339529838755966 0.1925792770851067 0.180496681627347 0.17632553197670475 0.17435161988555836 0.0 0.0 0.0 0.0 0.0 0.0 0.0 0.0 0.0 0.0 0.0 0.0 0.0 0.0 0.0 0.0 0.0 0.0
0.0 0.0 0.0 0.0 0.0 0.0 0.09036737998249489 0.18736884109937657 0.17553352781674025 0.17299376924561782 0.17201136995892963 0.17152675455737043 0.18809576005483564 0.18736884109937613 0.17553352781674003 0.17299376924561827 0.1720113699589294 0.17152675455737043 0.0 0.0 0.0 0.0 0.0 0.0 0.0 0.0 0.0 0.0 0.0 0.0 0.0 0.0 0.0 0.0 0.0 0.0
0.0 0.0 0.0 0.0 0.0 0.0 0.11269991770688881 0.17054856529749918 0.17052366104932126 0.17051743711789147 0.1705149477552128 0.1705137031170305 0.2281731291919642 0.17054856529749918 0.17052366104932126 0.17051743711789125 0.17051494775521303 0.17051370311703073 0.0 0.0 0.0 0.0 0.0 0.0 0.0 0.0 0.0 0.0 0.0 0.0 0.0 0.0 0.0 0.0 0.0 0.0
0.0 0.0 0.0 0.0 0.0 0.0 0.06866926218052827 0.18289187474193147 0.174225686229335 0.1722918586785176 0.17153795855581633 0.171164907329735 0.22486964930120568 0.18289187474193214 0.174225686229335 0.17229185867851737 0.17153795855581655 0.17116490732973477 0.0 0.0 0.0 0.0 0.0 0.0 0.0 0.0 0.0 0.0 0.0 0.0 0.0 0.0 0.0 0.0 0.0 0.0
0.0 0.0 0.0 0.0 0.0 0.0 0.0 0.18259034660072837 0.18792936322453535 0.17841397317005603 0.17503299717395082 0.1734170574530438 0.0 0.40127130571462355 0.18792936322453513 0.17841397317005647 0.17503299717395082 0.17341705745304337 0.0 0.0 0.0 0.0 0.0 0.0 0.0 0.0 0.0 0.0 0.0 0.0 0.0 0.0 0.0 0.0 0.0 0.0
0.0 0.0 0.0 0.0 0.0 0.0 0.0 0.06798595390792928 0.22025456465783932 0.1899016906024671 0.18118651377344097 0.17728135587440663 0.0 0.36930507767222176 0.22025456465784 0.18990169060246664 0.18118651377344075 0.17728135587440708 0.0 0.0 0.0 0.0 0.0 0.0 0.0 0.0 0.0 0.0 0.0 0.0 0.0 0.0 0.0 0.0 0.0 0.0
0.0 0.0 0.0 0.0 0.0 0.0 0.0 0.0 0.1773510130060556 0.20945558297247757 0.19047634925110035 0.1828464130467582 0.0 0.0 0.579623398168563 0.20945558297247735 0.19047634925110057 0.18284641304675797 0.0 0.0 0.0 0.0 0.0 0.0 0.0 0.0 0.0 0.0 0.0 0.0 0.0 0.0 0.0 0.0 0.0 0.0
0.0 0.0 0.0 0.0 0.0 0.0 0.0 0.0 0.0309241297070022 0.24462098453092862 0.20384389769749678 0.1902943572747282 0.0 0.0 0.5504946756604623 0.24462098453092862 0.20384389769749633 0.1902943572747282 0.0 0.0 0.0 0.0 0.0 0.0 0.0 0.0 0.0 0.0 0.0 0.0 0.0 0.0 0.0 0.0 0.0 0.0
0.0 0.0 0.0 0.0 0.0 0.0 0.0 0.0 0.0 0.0 0.0 0.48583219767007657 0.0 0.0 0.0 0.0 0.0 0.6498712144837422 0.0 0.0 0.0 0.0 0.0 0.0 0.0 0.0 0.0 0.0 0.0 0.0 0.0 0.0 0.0 0.0 0.0 0.0
0.0 0.0 0.0 0.0 0.0 0.0 0.0 0.0 0.0 0.0 0.3229015455824462 0.3292333204554492 0.0 0.0 0.0 0.0 0.3389075907835073 0.3292333204554494 0.0 0.0 0.0 0.0 0.0 0.0 0.0 0.0 0.0 0.0 0.0 0.0 0.0 0.0 0.0 0.0 0.0 0.0
0.0 0.0 0.0 0.0 0.0 0.0 0.0 0.0 0.0 0.0 0.5306279126493216 0.27025179218711326 0.0 0.0 0.0 0.0 0.40966699143779395 0.27025179218711326 0.0 0.0 0.0 0.0 0.0 0.0 0.0 0.0 0.0 0.0 0.0 0.0 0.0 0.0 0.0 0.0 0.0 0.0
0.0 0.0 0.0 0.0 0.0 0.0 0.0 0.0 0.0 0.3687620913584324 0.3272160033877478 0.2369259914603239 0.0 0.0 0.0 0.12399776109606164 0.3272160033877476 0.2369259914603239 0.0 0.0 0.0 0.0 0.0 0.0 0.0 0.0 0.0 0.0 0.0 0.0 0.0 0.0 0.0 0.0 0.0 0.0
0.0 0.0 0.0 0.0 0.0 0.0 0.0 0.0 0.0 0.5785828384255911 0.25411859445735097 0.21515615052263382 0.0 0.0 0.0 0.22528784640403332 0.25411859445735097 0.21515615052263404 0.0 0.0 0.0 0.0 0.0 0.0 0.0 0.0 0.0 0.0 0.0 0.0 0.0 0.0 0.0 0.0 0.0 0.0
0.0 0.0 0.0 0.0 0.0 0.0 0.0 0.0 0.4164715055046808 0.308601637567786 0.21976079881583388 0.20005591258953404 0.0 0.0 0.0 0.2805243373714301 0.21976079881583388 0.20005591258953404 0.0 0.0 0.0 0.0 0.0 0.0 0.0 0.0 0.0 0.0 0.0 0.0 0.0 0.0 0.0 0.0 0.0 0.0
0.0 0.0 0.0 0.0 0.0 0.0 0.0 0.0 0.6073778300528854 0.2267412648508924 0.19954096793270093 0.189370369528858 0.0 0.0 0.09062017961489022 0.2267412648508922 0.19954096793270093 0.18937036952885822 0.0 0.0 0.0 0.0 0.0 0.0 0.0 0.0 0.0 0.0 0.0 0.0 0.0 0.0 0.0 0.0 0.0 0.0
0.0 0.0 0.0 0.0 0.0 0.04915937019427741 0.0 0.3758031626855125 0.33875950237533603 0.19815219483075852 0.18683169700179025 0.1327352771520931 0.0 0.0 0.14604364549165783 0.19815219483075852 0.18683169700179003 0.1818946473463705 0.0 0.0 0.0 0.0 0.0 0.0 0.0 0.0 0.0 0.0 0.0 0.0 0.0 0.0 0.0 0.0 0.0 0.0
0.0 0.0 0.0 0.0 0.0 0.08731084717669013 0.0 0.5713869735192929 0.20918400557937167 0.1831634437247227 0.17893066710293226 0.08961674411917153 0.0 0.0 0.18166510325633745 0.18316344372472249 0.17893066710293204 0.17692759129586189 0.0 0.0 0.0 0.0 0.0 0.0 0.0 0.0 0.0 0.0 0.0 0.0 0.0 0.0 0.0 0.0 0.0 0.0
0.0 0.0 0.0 0.0 0.0 0.1006488970234205 0.28254714378083845 0.35261285072315407 0.1781079424578298 0.17553093520987817 0.1745341278318211 0.07339350792714505 0.0 0.027620819550472575 0.17810794245783024 0.17553093520987795 0.1745341278318211 0.17404240495056555 0.0 0.0 0.0 0.0 0.0 0.0 0.0 0.0 0.0 0.0 0.0 0.0 0.0 0.0 0.0 0.0 0.0 0.0
0.0 0.0 0.0 0.0 0.0 0.08957953581837019 0.34580010342420353 0.29741916773237875 0.17298844881868058 0.17298213492512948 0.17297960958063774 0.08339881113380221 0.0 0.048608258344672306 0.17298844881868036 0.17298213492512993 0.17297960958063774 0.17297834695217218 0.0 0.0 0.0 0.0 0.0 0.0 0.0 0.0 0.0 0.0 0.0 0.0 0.0 0.0 0.0 0.0 0.0 0.0
0.0 0.0 0.0 0.0 0.0 0.055009460979435154 0.2976917460896136 0.31706105421328523 0.17669053988604855 0.17472935355700736 0.17396478765066492 0.11857699771200458 0.0 0.05389761196623599 0.1766905398860481 0.17472935355700758 0.17396478765066492 0.17358645869143996 0.0 0.0 0.0 0.0 0.0 0.0 0.0 0.0 0.0 0.0 0.0 0.0 0.0 0.0 0.0 0.0 0.0 0.0
0.0 0.0 0.0 0.0 0.0 0.0 0.0 0.5496830520090088 0.19051492739476616 0.18086862298412543 0.1774411309447257 0.17580295885005803 0.0 0.04221146830896272 0.19051492739476594 0.18086862298412543 0.1774411309447257 0.17580295885005803 0.0 0.0 0.0 0.0 0.0 0.0 0.0 0.0 0.0 0.0 0.0 0.0 0.0 0.0 0.0 0.0 0.0 0.0
0.0 0.0 0.0 0.0 0.0 0.0 0.0 0.4395628026980323 0.22318409737922185 0.19242750983953627 0.18359641534164073 0.17963931623600793 0.0 0.003544491477045497 0.22318409737922118 0.19242750983953671 0.18359641534164073 0.1796393162360077 0.0 0.0 0.0 0.0 0.0 0.0 0.0 0.0 0.0 0.0 0.0 0.0 0.0 0.0 0.0 0.0 0.0 0.0
0.0 0.0 0.0 0.0 0.0 0.0 0.0 0.0 0.5574727395356689 0.21213458018845754 0.19291259660298232 0.1851850713176546 0.0 0.0 0.2091835923179095 0.2121345801884571 0.19291259660298254 0.18518507131765483 0.0 0.0 0.0 0.0 0.0 0.0 0.0 0.0 0.0 0.0 0.0 0.0 0.0 0.0 0.0 0.0 0.0 0.0
0.0 0.0 0.0 0.0 0.0 0.0 0.0 0.0 0.4173648549536626 0.24761569111690251 0.206339401769299 0.19262398474351183 0.0 0.0 0.1711718137033409 0.2476156911169023 0.206339401769299 0.19262398474351206 0.0 0.0 0.0 0.0 0.0 0.0 0.0 0.0 0.0 0.0 0.0 0.0 0.0 0.0 0.0 0.0 0.0 0.0
0.0 0.0 0.0 0.0 0.0 0.0 0.0 0.0 0.0 0.0 0.0 0.7424186000816633 0.0 0.0 0.0 0.0 0.0 0.4102239038921154 0.0 0.0 0.0 0.0 0.0 0.0 0.0 0.0 0.0 0.0 0.0 0.0 0.0 0.0 0.0 0.0 0.0 0.0
0.0 0.0 0.0 0.0 0.0 0.0 0.0 0.0 0.0 0.0 0.5721223588756164 0.33435788244127096 0.0 0.0 0.0 0.0 0.09998792786417443 0.33435788244127074 0.0 0.0 0.0 0.0 0.0 0.0 0.0 0.0 0.0 0.0 0.0 0.0 0.0 0.0 0.0 0.0 0.0 0.0
0.0 0.0 0.0 0.0 0.0 0.0 0.0 0.0 0.0 0.0 0.7789043288844508 0.2746215466637909 0.0 0.0 0.0 0.0 0.17659438877695588 0.2746215466637907 0.0 0.0 0.0 0.0 0.0 0.0 0.0 0.0 0.0 0.0 0.0 0.0 0.0 0.0 0.0 0.0 0.0 0.0
0.0 0.0 0.0 0.0 0.0 0.12290358413645563 0.0 0.0 0.0 0.5009936697210093 0.4424964941091529 0.11798134454177678 0.0 0.0 0.0 0.0 0.22287080605583132 0.24088492867823286 0.0 0.0 0.0 0.0 0.0 0.0 0.0 0.0 0.0 0.0 0.0 0.0 0.0 0.0 0.0 0.0 0.0 0.0
0.0 0.0 0.0 0.0 0.032245578071615544 0.218850088214396 0.0 0.0 0.0 0.8176720482337476 0.2298664982779859 0.0 0.0 0.0 0.0 0.0 0.2548508520056241 0.21885008821439622 0.0 0.0 0.0 0.0 0.0 0.0 0.0 0.0 0.0 0.0 0.0 0.0 0.0 0.0 0.0 0.0 0.0 0.0
0.0 0.0 0.0 0.0 0.15486761580262876 0.20356285646463412 0.0 0.0 0.4237721754847805 0.5444482522573579 0.06874554997111426 0.0 0.0 0.0 0.0 0.055004994206764524 0.22361316577374302 0.2035628564646339 0.0 0.0 0.0 0.0 0.0 0.0 0.0 0.0 0.0 0.0 0.0 0.0 0.0 0.0 0.0 0.0 0.0 0.0
0.0 0.0 0.0 0.0479489172592209 0.20308864078000477 0.19273721757525974 0.0 0.0 0.7104078351388303 0.319449465950044 0.0 0.0 0.0 0.0 0.0 0.09414668960843797 0.20308864078000433 0.19273721757525974 0.0 0.0 0.0 0.0 0.0 0.0 0.0 0.0 0.0 0.0 0.0 0.0 0.0 0.0 0.0 0.0 0.0 0.0
0.0 0.0 0.0 0.13083713535904762 0.19017720354971912 0.18515174848871396 0.0 0.3825324916038535 0.4934842878002783 0.150267718891389 0.0 0.0 0.0 0.0 0.0 0.12229597007319626 0.19017720354971912 0.18515174848871419 0.0 0.0 0.0 0.0 0.0 0.0 0.0 0.0 0.0 0.0 0.0 0.0 0.0 0.0 0.0 0.0 0.0 0.0
0.0 0.0 0.0 0.18277028139583562 0.1821346936574435 0.18009574972234033 0.0 0.5816185289351392 0.39784785837256753 0.0468181109878143 0.0 0.0 0.0 0.0 0.0 0.14329813681990689 0.18213469365744328 0.18009574972234033 0.0 0.0 0.0 0.0 0.0 0.0 0.0 0.0 0.0 0.0 0.0 0.0 0.0 0.0 0.0 0.0 0.0 0.0
0.0 0.0 0.026727043029621367 0.1786517295969028 0.17763719981073178 0.1771367345046384 0.2875705975631009 0.38699390944472634 0.33582206476145005 0.019470729319597035 0.0 0.0 0.0 0.0 0.0 0.15918100027730575 0.17763719981073178 0.17713673450463818 0.0 0.0 0.0 0.0 0.0 0.0 0.0 0.0 0.0 0.0 0.0 0.0 0.0 0.0 0.0 0.0 0.0 0.0
0.0 0.0 0.023986599540968268 0.17601448038658107 0.1760119107732585 0.17601062601114492 0.3518619165394212 0.35209322411715926 0.3280552103821146 0.004955626674557845 0.0 0.0 0.0 0.0 0.0 0.17105885371202367 0.1760119107732585 0.1760106260111447 0.0 0.0 0.0 0.0 0.0 0.0 0.0 0.0 0.0 0.0 0.0 0.0 0.0 0.0 0.0 0.0 0.0 0.0
0.0 0.0 0.0 0.16800835846623707 0.1769515258153942 0.17656670146387388 0.3028027074018156 0.3773275205941389 0.35768745870632035 0.009720859809458915 0.0 0.0 0.0 0.0 0.0017606922926738378 0.17772921827569577 0.1769515258153942 0.17656670146387388 0.0 0.0 0.0 0.0 0.0 0.0 0.0 0.0 0.0 0.0 0.0 0.0 0.0 0.0 0.0 0.0 0.0 0.0
0.0 0.0 0.0 0.11086830076463894 0.18040610027103288 0.1787405549851213 0.0 0.6017848376745463 0.38666410714984334 0.07302256354754899 0.0 0.0 0.0 0.0 0.0007326019639530834 0.18389086431218837 0.18040610027103265 0.17874055498512176 0.0 0.0 0.0 0.0 0.0 0.0 0.0 0.0 0.0 0.0 0.0 0.0 0.0 0.0 0.0 0.0 0.0 0.0
0.0 0.0 0.0 0.03006383207611707 0.18656502195604485 0.18254393973528815 0.0 0.4502719833218163 0.4535856100492217 0.17477705696579116 0.0 0.0 0.0 0.0 0.0 0.18623692727989694 0.18656502195604463 0.18254393973528815 0.0 0.0 0.0 0.0 0.0 0.0 0.0 0.0 0.0 0.0 0.0 0.0 0.0 0.0 0.0 0.0 0.0 0.0
0.0 0.0 0.0 0.0 0.12281984952075531 0.18806750246254378 0.0 0.0 0.7785894432682123 0.24719172665873423 0.07309545822267438 0.0 0.0 0.0 0.0 0.18368124164386845 0.19591530774342925 0.18806750246254422 0.0 0.0 0.0 0.0 0.0 0.0 0.0 0.0 0.0 0.0 0.0 0.0 0.0 0.0 0.0 0.0 0.0 0.0
0.0 0.0 0.0 0.0 0.011625102521708897 0.1954969842690737 0.0 0.0 0.5973147321576564 0.32692422583901815 0.1977918651289996 0.0 0.0 0.0 0.0 0.17569356535157254 0.20941696765070872 0.19549698426907436 0.0 0.0 0.0 0.0 0.0 0.0 0.0 0.0 0.0 0.0 0.0 0.0 0.0 0.0 0.0 0.0 0.0 0.0
0.0 0.0 0.0 0.0 0.0 0.0 0.0 0.0 0.0 0.0 0.0 0.9309191090936693 0.0 0.0 0.0 0.0 0.0 0.24172736102163217 0.0 0.0 0.0 0.0 0.0 0.0 0.0 0.0 0.0 0.0 0.0 0.0 0.0 0.0 0.0 0.0 0.0 0.0
0.0 0.0 0.0 0.0 0.0 0.14835518182782126 0.0 0.0 0.0 0.0 0.6842669968793191 0.2623696668116926 0.0 0.0 0.0 0.0 0.0 0.27008622839610297 0.0 0.0 0.0 0.0 0.0 0.0 0.0 0.0 0.0 0.0 0.0 0.0 0.0 0.0 0.0 0.0 0.0 0.0
0.0 0.0 0.0 0.0 0.03276073600818874 0.27977517607180946 0.0 0.0 0.0 0.0 0.9298186853573709 0.0 0.0 0.0 0.0 0.0 0.010850468669189484 0.27977517607180924 0.0 0.0 0.0 0.0 0.0 0.0 0.0 0.0 0.0 0.0 0.0 0.0 0.0 0.0 0.0 0.0 0.0 0.0
0.0 0.0 0.0 0.0 0.21266681645227603 0.24555141413998927 0.0 0.0 0.0 0.5106990493353074 0.4048686979137752 0.0 0.0 0.0 0.0 0.0 0.06072145411477825 0.2455514141399897 0.0 0.0 0.0 0.0 0.0 0.0 0.0 0.0 0.0 0.0 0.0 0.0 0.0 0.0 0.0 0.0 0.0 0.0
0.0 0.0 0.0 0.09799438227080204 0.26362161529872896 0.22320213152191393 0.0 0.0 0.0 0.7359378566454964 0.16806740303676948 0.0 0.0 0.0 0.0 0.0 0.0955542122619597 0.22320213152191348 0.0 0.0 0.0 0.0 0.0 0.0 0.0 0.0 0.0 0.0 0.0 0.0 0.0 0.0 0.0 0.0 0.0 0.0
0.0 0.0 0.0 0.2553997836535067 0.22815015880067646 0.20769303930573368 0.0 0.0 0.4323702891000085 0.35621605256587197 0.10664905577494443 0.0 0.0 0.0 0.0 0.0 0.12150110302573225 0.20769303930573368 0.0 0.0 0.0 0.0 0.0 0.0 0.0 0.0 0.0 0.0 0.0 0.0 0.0 0.0 0.0 0.0 0.0 0.0
0.0 0.0 0.13681276550099009 0.23551899798072595 0.20726570813882894 0.1967013799098556 0.0 0.0 0.5882065287928904 0.23551899798072617 0.06561525250969735 0.0 0.0 0.0 0.0 0.0 0.1416504556291316 0.1967013799098556 0.0 0.0 0.0 0.0 0.0 0.0 0.0 0.0 0.0 0.0 0.0 0.0 0.0 0.0 0.0 0.0 0.0 0.0
0.0 0.0 0.249988718480481 0.20587756800158274 0.19411571714958686 0.18898618640162335 0.0 0.39045462628903804 0.25371548286645207 0.20587756800158274 0.036331092968239664 0.0 0.0 0.0 0.0 0.0 0.15778462418134698 0.18898618640162357 0.0 0.0 0.0 0.0 0.0 0.0 0.0 0.0 0.0 0.0 0.0 0.0 0.0 0.0 0.0 0.0 0.0 0.0
0.0 0.11552691828641004 0.20304358488536556 0.19030444943114633 0.18590664925773703 0.1838254793971923 0.0 0.4781367582447067 0.20304358488536578 0.1903044494311461 0.014893977564093941 0.0 0.0 0.0 0.0 0.0 0.1710126716936431 0.18382547939719251 0.0 0.0 0.0 0.0 0.0 0.0 0.0 0.0 0.0 0.0 0.0 0.0 0.0 0.0 0.0 0.0 0.0 0.0
0.0 0.1656704484532452 0.18500295553904778 0.1823261857625984 0.1812907894265403 0.175050400101882 0.29348526493111615 0.22928303776051284 0.18500295553904778 0.18156952105263713 0.0 0.0 0.0 0.0 0.0 0.0007566647099614965 0.18129078942653987 0.1807800306974061 0.0 0.0 0.0 0.0 0.0 0.0 0.0 0.0 0.0 0.0 0.0 0.0 0.0 0.0 0.0 0.0 0.0 0.0
0.0 0.1704211433469176 0.17959227615358042 0.17958572122738792 0.17958309947796813 0.17958178864870922 0.3590010089817661 0.18881586632115854 0.17959227615358042 0.16782624598431983 0.0 0.0 0.0 0.0 0.0 0.011759475243068085 0.1795830994779679 0.17958178864870922 0.0 0.0 0.0 0.0 0.0 0.0 0.0 0.0 0.0 0.0 0.0 0.0 0.0 0.0 0.0 0.0 0.0 0.0
0.0 0.1355169563104952 0.1832980606249266 0.18126353375739335 0.18047037613875094 0.18007789918696293 0.30882422883230376 0.2493140828983338 0.18329806062492682 0.16256888732670172 0.0 0.0 0.0 0.0 0.0 0.01869464643069141 0.18047037613875117 0.18007789918696293 0.0 0.0 0.0 0.0 0.0 0.0 0.0 0.0 0.0 0.0 0.0 0.0 0.0 0.0 0.0 0.0 0.0 0.0
0.0 0.061045821202384776 0.19745072943757602 0.1874532459421694 0.18390097414606688 0.18220316348388144 0.0 0.5523969487949658 0.19745072943757602 0.16572006901654102 0.0 0.0 0.0 0.0 0.0 0.021733176925628372 0.18390097414606688 0.18220316348388166 0.0 0.0 0.0 0.0 0.0 0.0 0.0 0.0 0.0 0.0 0.0 0.0 0.0 0.0 0.0 0.0 0.0 0.0
0.0 0.0 0.1695354551356245 0.19920844931582105 0.1900661565004409 0.1859696134579223 0.0 0.45872192092883335 0.29256227702274185 0.1785344874057957 0.0 0.0 0.0 0.0 0.0 0.02067396191002535 0.19006615650044068 0.18596961345792273 0.0 0.0 0.0 0.0 0.0 0.0 0.0 0.0 0.0 0.0 0.0 0.0 0.0 0.0 0.0 0.0 0.0 0.0
0.0 0.0 0.05048078653680088 0.21933316441788442 0.19945890119099552 0.1914691497207528 0.0 0.0 0.7421912952004943 0.20444536849051742 0.0 0.0 0.0 0.0 0.0 0.014887795927366776 0.19945890119099619 0.19146914972075235 0.0 0.0 0.0 0.0 0.0 0.0 0.0 0.0 0.0 0.0 0.0 0.0 0.0 0.0 0.0 0.0 0.0 0.0
0.0 0.0 0.0 0.15000733642996877 0.2130513728682013 0.1988898099202241 0.0 0.0 0.6076810544446816 0.3582065456495418 0.0 0.0 0.0 0.0 0.0 0.003126777860444907 0.2130513728682013 0.19888980992022431 0.0 0.0 0.0 0.0 0.0 0.0 0.0 0.0 0.0 0.0 0.0 0.0 0.0 0.0 0.0 0.0 0.0 0.0
0.0 0.0 0.0 0.0 0.0 0.22695145352966506 0.0 0.0 0.0 0.0 0.0 0.8534606386520673 0.0 0.0 0.0 0.0 0.0 0.11514938515794793 0.0 0.0 0.0 0.0 0.0 0.0 0.0 0.0 0.0 0.0 0.0 0.0 0.0 0.0 0.0 0.0 0.0 0.0
0.0 0.0 0.0 0.0 0.06161410692290081 0.34732807345085703 0.0 0.0 0.0 0.0 0.6365682398947838 0.2005343468535432 0.0 0.0 0.0 0.0 0.0 0.1467937265973136 0.0 0.0 0.0 0.0 0.0 0.0 0.0 0.0 0.0 0.0 0.0 0.0 0.0 0.0 0.0 0.0 0.0 0.0
0.0 0.0 0.0 0.0 0.28662721621772835 0.2856702591141467 0.0 0.0 0.0 0.0 0.7073136073395028 0.11550899628599098 0.0 0.0 0.0 0.0 0.0 0.1701612628281557 0.0 0.0 0.0 0.0 0.0 0.0 0.0 0.0 0.0 0.0 0.0 0.0 0.0 0.0 0.0 0.0 0.0 0.0
0.0 0.0 0.0 0.12024651745417314 0.3464959830157124 0.250885969705267 0.0 0.0 0.0 0.40154736701109917 0.3464959830157124 0.06268715428228577 0.0 0.0 0.0 0.0 0.0 0.18819881542298122 0.0 0.0 0.0 0.0 0.0 0.0 0.0 0.0 0.0 0.0 0.0 0.0 0.0 0.0 0.0 0.0 0.0 0.0
0.0 0.0 0.0 0.3466160820873214 0.2694945755240794 0.18481473309704777 0.0 0.0 0.0 0.5058944925403479 0.2694945755240796 0.02553632264402106 0.0 0.0 0.0 0.0 0.0 0.20263830416875228 0.0 0.0 0.0 0.0 0.0 0.0 0.0 0.0 0.0 0.0 0.0 0.0 0.0 0.0 0.0 0.0 0.0 0.0
0.0 0.0 0.1925984085792627 0.3127533467454646 0.2333318449256958 0.054808447365448654 0.0 0.0 0.24959176028622165 0.31275334674546507 0.23114694058418528 0.0 0.0 0.0 0.0 0.0 0.0021849043415105296 0.21241010873794886 0.0 0.0 0.0 0.0 0.0 0.0 0.0 0.0 0.0 0.0 0.0 0.0 0.0 0.0 0.0 0.0 0.0 0.0
0.0 0.0 0.3825755152593473 0.240938385762822 0.16498365449828212 0.0 0.0 0.0 0.3591267674090044 0.24093838576282223 0.18843240234862524 0.0 0.0 0.0 0.0 0.0 0.02360257390006093 0.20122755853724628 0.0 0.0 0.0 0.0 0.0 0.0 0.0 0.0 0.0 0.0 0.0 0.0 0.0 0.0 0.0 0.0 0.0 0.0
0.0 0.23993604396079116 0.2576856770506257 0.2106462497559507 0.07772043740273826 0.0 0.0 0.1595625683747386 0.2576856770506257 0.21064624975595048 0.1580939129887915 0.0 0.0 0.0 0.0 0.0 0.04051804961187844 0.19336361803571944 0.0 0.0 0.0 0.0 0.0 0.0 0.0 0.0 0.0 0.0 0.0 0.0 0.0 0.0 0.0 0.0 0.0 0.0
0.0 0.3600454215570874 0.20774662391959842 0.19471241560534436 0.023483947088075663 0.0 0.0 0.24736911268030815 0.20774662391959797 0.19471241560534436 0.13616025596485581 0.0 0.0 0.0 0.0 0.0 0.05405249451088401 0.1880833750878126 0.0 0.0 0.0 0.0 0.0 0.0 0.0 0.0 0.0 0.0 0.0 0.0 0.0 0.0 0.0 0.0 0.0 0.0
0.2100764620584541 0.20202076315628803 0.18925994867121876 0.18652158533524288 0.0006187962992476592 0.0 0.09016201799598811 0.20202076315628803 0.18925994867121898 0.18652158533524266 0.12053324036171409 0.0 0.0 0.0 0.0 0.0 0.06492912374732773 0.18493985261414414 0.0 0.0 0.0 0.0 0.0 0.0 0.0 0.0 0.0 0.0 0.0 0.0 0.0 0.0 0.0 0.0 0.0 0.0
0.23474514973532346 0.18369795285716473 0.1836711284778465 0.18366442467790067 0.007713391867636421 0.0 0.13240939530745743 0.18369795285716517 0.18367112847784584 0.18366442467790112 0.11004914629550244 0.0 0.0 0.0 0.0 0.0 0.07361259708849932 0.18366040278353446 0.0 0.0 0.0 0.0 0.0 0.0 0.0 0.0 0.0 0.0 0.0 0.0 0.0 0.0 0.0 0.0 0.0 0.0
0.1882724327270937 0.19670215100258792 0.18738157334528616 0.1853017213045618 0.04326751232891901 0.0 0.12743177979130627 0.19670215100258748 0.18738157334528682 0.18530172130456113 0.1041081652647069 0.0 0.0 0.0 0.0 0.0 0.08038272846216366 0.18408967317670677 0.0 0.0 0.0 0.0 0.0 0.0 0.0 0.0 0.0 0.0 0.0 0.0 0.0 0.0 0.0 0.0 0.0 0.0
0.0 0.3118275692968182 0.20174030720799152 0.19152563037486514 0.10563699742942223 0.0 0.0 0.31494212269823674 0.2017403072079913 0.19152563037486492 0.10252244402800437 0.0 0.0 0.0 0.0 0.0 0.08537374215350035 0.18616149092083867 0.0 0.0 0.0 0.0 0.0 0.0 0.0 0.0 0.0 0.0 0.0 0.0 0.0 0.0 0.0 0.0 0.0 0.0
0.0 0.19036663882983973 0.23591724743988296 0.20340592804835333 0.19313278930741795 0.0 0.0 0.27802091382224514 0.2359172474398823 0.20340592804835333 0.10547851431501298 0.0 0.0 0.0 0.0 0.0 0.08859248561664224 0.18988813950472427 0.0 0.0 0.0 0.0 0.0 0.0 0.0 0.0 0.0 0.0 0.0 0.0 0.0 0.0 0.0 0.0 0.0 0.0
0.0 0.0 0.3090773976072465 0.22379355451397442 0.20351512547340533 0.10071650915370078 0.0 0.0 0.4997145751288077 0.22379355451397487 0.1135944571055445 0.0 0.0 0.0 0.0 0.0 0.08992066836786061 0.19536289329294787 0.0 0.0 0.0 0.0 0.0 0.0 0.0 0.0 0.0 0.0 0.0 0.0 0.0 0.0 0.0 0.0 0.0 0.0
0.0 0.0 0.1548754902706313 0.2606664542134136 0.21721466834800474 0.20277637040313712 0.0 0.0 0.4646804268096294 0.26066645421341317 0.12811375762902477 0.0 0.0 0.0 0.0 0.0 0.08910091071897974 0.20277637040313734 0.0 0.0 0.0 0.0 0.0 0.0 0.0 0.0 0.0 0.0 0.0 0.0 0.0 0.0 0.0 0.0 0.0 0.0
