 0.27093985224199063
 0.45721809669015961
 0.5392714882097589
 0.73092696752925712
 0.86255307483736077
 0.95618487208475256
 1.0155836398825064
 0.95072761575763631
 0.92530188431712013
 0.84537108274752659
 0.83403782523722381
 0.86044152016163622
 0.96179189909879581
 0.998166974428082
 1.0818645311361903
 1.0383555471516213
 0.3535934577842334
 0.54276902934063398
 0.62112496621852942
 0.80694213772751566
 0.93415641392001669
 1.0244740625859694
 1.0931726117874023
 1.0473812816449153
 1.0337310461549054
 0.96046184480613739
 0.94804983058205206
 0.96662731805267077
 1.0530257490421757
 1.0707804111509702
 1.1549657452243403
 1.1150424239744103
 0.3907166019664734
 0.611820537166892
 0.72786411602278533
 0.91408440436176752
 1.0368118629436236
 1.123751296512207
 1.1899713736223387
 1.1445478663674735
 1.1311745875242942
 1.0599351533275425
 1.0488468364405685
 1.0686496423831766
 1.155491416282372
 1.1755138270638119
 1.2612400426194481
 1.225486209916574
 0.44639365665939013
 0.66255645622044046
 0.7752530440433395
 0.98728382744481336
 1.1382403311868925
 1.249072127637723
 1.334404752706134
 1.29245195878319
 1.2793139362751651
 1.2100641011349742
 1.2006277132677459
 1.2222549494661228
 1.310074973217737
 1.313985088943683
 1.3785532115414305
 1.3199151551424246
 0.53634315610527095
 0.74745957207511748
 0.85652878703214541
 1.0637931295644489
 1.2110156932124929
 1.3189765038941232
 1.4021777033170404
 1.372484061072667
 1.3689363241225281
 1.3044328246230783
 1.2932981344689893
 1.3074188159039632
 1.3822035308340881
 1.3881893910362733
 1.4544141744738843
 1.3993001359477573
 0.55577754950903302
 0.80725598802251408
 0.95295283420479893
 1.1913715675779888
 1.355868008469113
 1.4606245674381022
 1.5415173047889299
 1.5114536397744747
 1.5079457290097569
 1.4448615395158892
 1.435228128269638
 1.4512354364129192
 1.5279120816743488
 1.5371305070766064
 1.6065627324520553
 1.5521803297744481
 0.55227930830274063
 0.80194066445693313
 0.94642008994679871
 1.1829145196326709
 1.3558597724882226
 1.485622258080135
 1.5863227834658105
 1.5713647865536586
 1.5771061598463265
 1.518047841449671
 1.5064411301661984
 1.5148920127091148
 1.5784853061917234
 1.5703806171038313
 1.617770835539978
 1.5424104115868396
 0.55052185179145952
 0.79926974724766264
 0.94313674929613545
 1.1786632407605069
 1.3508426978453039
 1.4800002047705427
 1.5802273803914852
 1.5652800985059911
 1.570999239872787
 1.5122147830228552
 1.5007402918168162
 1.5092864726245552
 1.5728123846738498
 1.5649326193574589
 1.6123827411873544
 1.5375021718969606
 0.55052185179145952
 0.79926974724766264
 0.94313674929613545
 1.1786632407605069
 1.3508426978453039
 1.4800002047705427
 1.5802273803914852
 1.5652800985059911
 1.570999239872787
 1.5122147830228552
 1.5007402918168162
 1.5092864726245552
 1.5728123846738498
 1.5649326193574589
 1.6123827411873544
 1.5375021718969606
 0.55227930830274063
 0.80194066445693313
 0.94642008994679871
 1.1829145196326709
 1.3558597724882226
 1.485622258080135
 1.5863227834658105
 1.5713647865536586
 1.5771061598463265
 1.518047841449671
 1.5064411301661984
 1.5148920127091148
 1.5784853061917234
 1.5703806171038313
 1.617770835539978
 1.5424104115868396
 0.55577754950903302
 0.80725598802251408
 0.95295283420479893
 1.1913715675779888
 1.355868008469113
 1.4606245674381024
 1.5415173047889301
 1.5114536397744751
 1.5079457290097569
 1.4448615395158895
 1.4352281282696382
 1.4512354364129192
 1.5279120816743488
 1.5371305070766064
 1.6065627324520553
 1.5521803297744481
 0.53634315610527128
 0.74745957207511771
 0.85652878703214563
 1.0637931295644489
 1.2110156932124929
 1.3189765038941232
 1.4021777033170408
 1.3724840610726674
 1.3689363241225285
 1.3044328246230785
 1.2932981344689898
 1.3074188159039632
 1.3822035308340881
 1.3881893910362737
 1.4544141744738845
 1.3993001359477557
 0.44639365665939024
 0.66255645622044057
 0.77525304404334117
 0.98728382744481347
 1.1382403311868909
 1.2490721276377232
 1.3344047527061353
 1.2924519587831897
 1.279313936275166
 1.2100641011349755
 1.2006277132677461
 1.222254949466123
 1.3100749732177372
 1.3139850889436833
 1.3785532115414303
 1.3199151551424246
 0.39071660196647351
 0.61182053716689211
 0.72786411602278533
 0.91408440436176752
 1.0368118629436238
 1.1237512965122072
 1.1899713736223385
 1.1445478663674735
 1.1311745875242942
 1.0599351533275425
 1.0488468364405685
 1.0686496423831771
 1.155491416282372
 1.1755138270638119
 1.2612400426194483
 1.225486209916574
 0.3535934577842334
 0.5427690293406342
 0.62112496621852942
 0.80694213772751577
 0.93415641392001669
 1.0244740625859712
 1.093172611787403
 1.0473812816449155
 1.0337310461549056
 0.96046184480613805
 0.94804983058205017
 0.96662731805267188
 1.0530257490421757
 1.07078041115097
 1.1549657452243405
 1.1150424239744101
 0.2709398522419908
 0.45721809669015973
 0.53927148820975912
 0.73092696752925723
 0.86255307483736265
 0.95618487208475267
 1.0155836398825064
 0.95072761575763642
 0.92530188431712013
 0.84537108274752704
 0.83403782523722392
 0.86044152016163655
 0.96179189909879581
 0.99816697442808211
 1.0818645311361903
 1.0383555471516215


